MOBILE_NUM_ID,X_COORD,Y_COORD,DT_MIN,TRAVEL_ID
f012329_93395,127.0547922,37.8931859,2023-08-29 09:34,f_f012329
f012329_93395,127.0547922,37.8931859,2023-08-29 09:35,f_f012329
f012329_93395,127.0547922,37.8931859,2023-08-29 09:35,f_f012329
f012329_93395,127.0547922,37.8931859,2023-08-29 09:36,f_f012329
f012329_93395,127.0547922,37.8931859,2023-08-29 09:36,f_f012329
f012329_93395,127.0547922,37.8931859,2023-08-29 09:37,f_f012329
f012329_93395,127.0547922,37.8931859,2023-08-29 09:37,f_f012329
f012329_93395,127.0547922,37.8931859,2023-08-29 09:38,f_f012329
f012329_93395,127.0547922,37.8931859,2023-08-29 09:38,f_f012329
f012329_93395,127.0545103,37.8929757,2023-08-29 09:39,f_f012329
f012329_93395,127.0540001,37.893413,2023-08-29 09:39,f_f012329
f012329_93395,127.052617,37.893476,2023-08-29 09:39,f_f012329
f012329_93395,127.0522165,37.8928479,2023-08-29 09:40,f_f012329
f012329_93395,127.0496828,37.8925871,2023-08-29 09:40,f_f012329
f012329_93395,127.0491741,37.8925976,2023-08-29 09:41,f_f012329
f012329_93395,127.0473638,37.8926142,2023-08-29 09:41,f_f012329
f012329_93395,127.0477001,37.8901731,2023-08-29 09:42,f_f012329
f012329_93395,127.0480911,37.8888675,2023-08-29 09:42,f_f012329
f012329_93395,127.0480911,37.8888675,2023-08-29 09:43,f_f012329
f012329_93395,127.0480911,37.8888675,2023-08-29 09:43,f_f012329
f012329_93395,127.0484115,37.8866428,2023-08-29 09:44,f_f012329
f012329_93395,127.0501076,37.8830443,2023-08-29 09:44,f_f012329
f012329_93395,127.0511298,37.8815276,2023-08-29 09:44,f_f012329
f012329_93395,127.0511298,37.8815276,2023-08-29 09:45,f_f012329
f012329_93395,127.0524175,37.8795661,2023-08-29 09:45,f_f012329
f012329_93395,127.0549438,37.8757973,2023-08-29 09:46,f_f012329
f012329_93395,127.0590609,37.8728069,2023-08-29 09:46,f_f012329
f012329_93395,127.0604709,37.8691249,2023-08-29 09:47,f_f012329
f012329_93395,127.0600981,37.8655805,2023-08-29 09:47,f_f012329
f012329_93395,127.0586922,37.862344,2023-08-29 09:48,f_f012329
f012329_93395,127.0584269,37.8594939,2023-08-29 09:48,f_f012329
f012329_93395,127.06098,37.8578647,2023-08-29 09:49,f_f012329
f012329_93395,127.0648068,37.8551612,2023-08-29 09:49,f_f012329
f012329_93395,127.0698937,37.8525261,2023-08-29 09:49,f_f012329
f012329_93395,127.0744948,37.8501087,2023-08-29 09:50,f_f012329
f012329_93395,127.0798782,37.8473249,2023-08-29 09:50,f_f012329
f012329_93395,127.0839366,37.8439004,2023-08-29 09:51,f_f012329
f012329_93395,127.0827167,37.8392515,2023-08-29 09:51,f_f012329
f012329_93395,127.0796924,37.8353124,2023-08-29 09:52,f_f012329
f012329_93395,127.0770074,37.8313596,2023-08-29 09:52,f_f012329
f012329_93395,127.0736923,37.8269228,2023-08-29 09:53,f_f012329
f012329_93395,127.0714896,37.8221173,2023-08-29 09:53,f_f012329
f012329_93395,127.0727117,37.8170657,2023-08-29 09:54,f_f012329
f012329_93395,127.0740354,37.8120343,2023-08-29 09:54,f_f012329
f012329_93395,127.0749681,37.8075074,2023-08-29 09:54,f_f012329
f012329_93395,127.0752768,37.8026768,2023-08-29 09:55,f_f012329
f012329_93395,127.0755841,37.7977474,2023-08-29 09:55,f_f012329
f012329_93395,127.0757423,37.7957887,2023-08-29 09:56,f_f012329
f012329_93395,127.0758112,37.7947201,2023-08-29 09:56,f_f012329
f012329_93395,127.0758672,37.7937362,2023-08-29 09:57,f_f012329
f012329_93395,127.075961,37.7921436,2023-08-29 09:57,f_f012329
f012329_93395,127.0761791,37.7888479,2023-08-29 09:58,f_f012329
f012329_93395,127.0763754,37.7850199,2023-08-29 09:58,f_f012329
f012329_93395,127.0767022,37.7799275,2023-08-29 09:59,f_f012329
f012329_93395,127.0776274,37.7747479,2023-08-29 09:59,f_f012329
f012329_93395,127.0800573,37.769417,2023-08-29 10:00,f_f012329
f012329_93395,127.0837574,37.7647551,2023-08-29 10:00,f_f012329
f012329_93395,127.0889357,37.7604881,2023-08-29 10:01,f_f012329
f012329_93395,127.093863,37.7567018,2023-08-29 10:01,f_f012329
f012329_93395,127.0983981,37.7532195,2023-08-29 10:01,f_f012329
f012329_93395,127.1027492,37.7494854,2023-08-29 10:02,f_f012329
f012329_93395,127.10388,37.7444438,2023-08-29 10:02,f_f012329
f012329_93395,127.1007507,37.7402179,2023-08-29 10:03,f_f012329
f012329_93395,127.096002,37.7365017,2023-08-29 10:03,f_f012329
f012329_93395,127.0914766,37.7329849,2023-08-29 10:04,f_f012329
f012329_93395,127.0857864,37.7301108,2023-08-29 10:04,f_f012329
f012329_93395,127.0805849,37.7287731,2023-08-29 10:05,f_f012329
f012329_93395,127.0786496,37.7282233,2023-08-29 10:05,f_f012329
f012329_93395,127.0759928,37.727443,2023-08-29 10:06,f_f012329
f012329_93395,127.0722229,37.7267289,2023-08-29 10:06,f_f012329
f012329_93395,127.0689114,37.7266303,2023-08-29 10:07,f_f012329
f012329_93395,127.0663091,37.7259111,2023-08-29 10:07,f_f012329
f012329_93395,127.0644315,37.7245481,2023-08-29 10:07,f_f012329
f012329_93395,127.0625163,37.722401,2023-08-29 10:08,f_f012329
f012329_93395,127.060905,37.719662,2023-08-29 10:08,f_f012329
f012329_93395,127.0612858,37.7169471,2023-08-29 10:09,f_f012329
f012329_93395,127.060709,37.7134185,2023-08-29 10:09,f_f012329
f012329_93395,127.0592347,37.7100414,2023-08-29 10:10,f_f012329
f012329_93395,127.0578501,37.7071288,2023-08-29 10:10,f_f012329
f012329_93395,127.0563445,37.7039284,2023-08-29 10:11,f_f012329
f012329_93395,127.0552014,37.701535,2023-08-29 10:11,f_f012329
f012329_93395,127.0552014,37.701535,2023-08-29 10:12,f_f012329
f012329_93395,127.0552014,37.701535,2023-08-29 10:12,f_f012329
f012329_93395,127.0552014,37.701535,2023-08-29 10:12,f_f012329
f012329_93395,127.0543001,37.6995609,2023-08-29 10:13,f_f012329
f012329_93395,127.0542461,37.6968746,2023-08-29 10:13,f_f012329
f012329_93395,127.0544423,37.6953006,2023-08-29 10:14,f_f012329
f012329_93395,127.0536114,37.6925924,2023-08-29 10:14,f_f012329
f012329_93395,127.0536114,37.6925924,2023-08-29 10:15,f_f012329
f012329_93395,127.0562225,37.692428,2023-08-29 10:15,f_f012329
f012329_93395,127.0623659,37.6891841,2023-08-29 10:16,f_f012329
f012329_93395,127.0679034,37.6862175,2023-08-29 10:16,f_f012329
f012329_93395,127.0707468,37.6847327,2023-08-29 10:17,f_f012329
f012329_93395,127.0707468,37.6847327,2023-08-29 10:18,f_f012329
f012329_93395,127.0907064,37.6746812,2023-08-29 10:18,f_f012329
f012329_93395,127.0979766,37.6726659,2023-08-29 10:19,f_f012329
f012329_93395,127.1048901,37.670744,2023-08-29 10:19,f_f012329
f012329_93395,127.1110401,37.667464,2023-08-29 10:19,f_f012329
f012329_93395,127.114778,37.6627261,2023-08-29 10:20,f_f012329
f012329_93395,127.118378,37.6575218,2023-08-29 10:20,f_f012329
f012329_93395,127.1217498,37.6526439,2023-08-29 10:21,f_f012329
f012329_93395,127.1258098,37.6478519,2023-08-29 10:21,f_f012329
f012329_93395,127.1310869,37.6431109,2023-08-29 10:22,f_f012329
f012329_93395,127.1337868,37.6370267,2023-08-29 10:22,f_f012329
f012329_93395,127.1361231,37.6313168,2023-08-29 10:23,f_f012329
f012329_93395,127.1391705,37.6258436,2023-08-29 10:23,f_f012329
f012329_93395,127.1405011,37.6199658,2023-08-29 10:24,f_f012329
f012329_93395,127.1419792,37.6140588,2023-08-29 10:24,f_f012329
f012329_93395,127.1442266,37.609497,2023-08-29 10:25,f_f012329
f012329_93395,127.1457349,37.608017,2023-08-29 10:25,f_f012329
f012329_93395,127.1469791,37.6069813,2023-08-29 10:25,f_f012329
f012329_93395,127.1480652,37.606125,2023-08-29 10:26,f_f012329
f012329_93395,127.149672,37.6047935,2023-08-29 10:26,f_f012329
f012329_93395,127.1512554,37.6034817,2023-08-29 10:27,f_f012329
f012329_93395,127.1525962,37.6023462,2023-08-29 10:27,f_f012329
f012329_93395,127.1534177,37.6015467,2023-08-29 10:28,f_f012329
f012329_93395,127.1542871,37.6004809,2023-08-29 10:28,f_f012329
f012329_93395,127.1558413,37.5978346,2023-08-29 10:29,f_f012329
f012329_93395,127.1566313,37.5951125,2023-08-29 10:29,f_f012329
f012329_93395,127.1567308,37.5929677,2023-08-29 10:30,f_f012329
f012329_93395,127.1563662,37.5910345,2023-08-29 10:30,f_f012329
f012329_93395,127.1563662,37.5910345,2023-08-29 10:30,f_f012329
f012329_93395,127.1563662,37.5910345,2023-08-29 10:31,f_f012329
f012329_93395,127.1562915,37.5906704,2023-08-29 10:31,f_f012329
f012329_93395,127.1558179,37.5903635,2023-08-29 10:32,f_f012329
f012329_93395,127.1558179,37.5903635,2023-08-29 10:32,f_f012329
f012329_93395,127.1558179,37.5903635,2023-08-29 10:33,f_f012329
f012329_93395,127.1558179,37.5903635,2023-08-29 10:33,f_f012329
f012329_93395,127.1558179,37.5903635,2023-08-29 10:34,f_f012329
f012329_93395,127.1558179,37.5903635,2023-08-29 10:34,f_f012329
f012329_93395,127.1558179,37.5903635,2023-08-29 10:35,f_f012329
f012329_93395,127.1558179,37.5903635,2023-08-29 10:35,f_f012329
f012329_93395,127.1558179,37.5903635,2023-08-29 10:36,f_f012329
f012329_93395,127.1558179,37.5903635,2023-08-29 10:36,f_f012329
f012329_93395,127.1558179,37.5903635,2023-08-29 10:36,f_f012329
f012329_93395,127.1558179,37.5903635,2023-08-29 10:37,f_f012329
f012329_93395,127.1558179,37.5903635,2023-08-29 10:37,f_f012329
f012329_93395,127.1558179,37.5903635,2023-08-29 10:38,f_f012329
f012329_93395,127.1558179,37.5903635,2023-08-29 10:38,f_f012329
f012329_93395,127.1558179,37.5903635,2023-08-29 10:39,f_f012329
f012329_93395,127.1558179,37.5903635,2023-08-29 10:39,f_f012329
f012329_93395,127.1558179,37.5903635,2023-08-29 10:40,f_f012329
f012329_93395,127.1558179,37.5903635,2023-08-29 10:40,f_f012329
f012329_93395,127.1558179,37.5903635,2023-08-29 10:41,f_f012329
f012329_93395,127.1558179,37.5903635,2023-08-29 10:41,f_f012329
f012329_93395,127.1558179,37.5903635,2023-08-29 10:42,f_f012329
f012329_93395,127.1558179,37.5903635,2023-08-29 10:43,f_f012329
f012329_93395,127.1558179,37.5903635,2023-08-29 10:43,f_f012329
f012329_93395,127.1558179,37.5903635,2023-08-29 10:44,f_f012329
f012329_93395,127.1558179,37.5903635,2023-08-29 10:44,f_f012329
f012329_93395,127.1558179,37.5903635,2023-08-29 10:45,f_f012329
f012329_93395,127.1558179,37.5903635,2023-08-29 10:45,f_f012329
f012329_93395,127.1558179,37.5903635,2023-08-29 10:46,f_f012329
f012329_93395,127.1558179,37.5903635,2023-08-29 10:46,f_f012329
f012329_93395,127.1558179,37.5903635,2023-08-29 10:46,f_f012329
f012329_93395,127.1558179,37.5903635,2023-08-29 10:47,f_f012329
f012329_93395,127.1558179,37.5903635,2023-08-29 10:47,f_f012329
f012329_93395,127.1558179,37.5903635,2023-08-29 10:48,f_f012329
f012329_93395,127.1558179,37.5903635,2023-08-29 10:48,f_f012329
f012329_93395,127.1558179,37.5903635,2023-08-29 10:49,f_f012329
f012329_93395,127.1558179,37.5903635,2023-08-29 10:49,f_f012329
f012329_93395,127.1556682,37.5898777,2023-08-29 10:50,f_f012329
f012329_93395,127.1556682,37.5898777,2023-08-29 10:50,f_f012329
f012329_93395,127.1561142,37.5887307,2023-08-29 10:51,f_f012329
f012329_93395,127.156187,37.5883022,2023-08-29 10:51,f_f012329
f012329_93395,127.1562006,37.5877622,2023-08-29 10:52,f_f012329
f012329_93395,127.15621,37.5871844,2023-08-29 10:52,f_f012329
f012329_93395,127.1562157,37.5866897,2023-08-29 10:52,f_f012329
f012329_93395,127.156352,37.5852371,2023-08-29 10:53,f_f012329
f012329_93395,127.1566043,37.5818644,2023-08-29 10:53,f_f012329
f012329_93395,127.1566043,37.5818644,2023-08-29 10:54,f_f012329
f012329_93395,127.1576494,37.5799111,2023-08-29 10:54,f_f012329
f012329_93395,127.1629131,37.582617,2023-08-29 10:55,f_f012329
f012329_93395,127.1683281,37.5853531,2023-08-29 10:55,f_f012329
f012329_93395,127.1695854,37.5865451,2023-08-29 10:56,f_f012329
f012329_93395,127.170612,37.5895086,2023-08-29 10:56,f_f012329
f012329_93395,127.1728712,37.5931546,2023-08-29 10:57,f_f012329
f012329_93395,127.174592,37.5947267,2023-08-29 10:57,f_f012329
f012329_93395,127.1783027,37.5946854,2023-08-29 10:57,f_f012329
f012329_93395,127.1832643,37.5946086,2023-08-29 10:58,f_f012329
f012329_93395,127.1876829,37.5944176,2023-08-29 10:58,f_f012329
f012329_93395,127.192672,37.594159,2023-08-29 10:59,f_f012329
f012329_93395,127.1975498,37.593132,2023-08-29 10:59,f_f012329
f012329_93395,127.1988613,37.5927063,2023-08-29 11:00,f_f012329
f012329_93395,127.1988613,37.5927063,2023-08-29 11:00,f_f012329
f012329_93395,127.1988613,37.5927063,2023-08-29 11:01,f_f012329
f012329_93395,127.2001607,37.5916356,2023-08-29 11:01,f_f012329
f012329_93395,127.2039013,37.5890371,2023-08-29 11:02,f_f012329
f012329_93395,127.2066816,37.5853478,2023-08-29 11:02,f_f012329
f012329_93395,127.2106044,37.5816805,2023-08-29 11:03,f_f012329
f012329_93395,127.21458,37.5777142,2023-08-29 11:03,f_f012329
f012329_93395,127.2202099,37.5758276,2023-08-29 11:03,f_f012329
f012329_93395,127.2247773,37.5730682,2023-08-29 11:04,f_f012329
f012329_93395,127.2279832,37.568824,2023-08-29 11:04,f_f012329
f012329_93395,127.2308002,37.5644333,2023-08-29 11:05,f_f012329
f012329_93395,127.2336244,37.5614436,2023-08-29 11:05,f_f012329
f012329_93395,127.2366457,37.5578242,2023-08-29 11:06,f_f012329
f012329_93395,127.2380346,37.5537428,2023-08-29 11:06,f_f012329
f012329_93395,127.2390868,37.5503256,2023-08-29 11:07,f_f012329
f012329_93395,127.242505,37.5465845,2023-08-29 11:07,f_f012329
f012329_93395,127.2474961,37.544314,2023-08-29 11:08,f_f012329
f012329_93395,127.2528326,37.5416911,2023-08-29 11:08,f_f012329
f012329_93395,127.2582193,37.539713,2023-08-29 11:08,f_f012329
f012329_93395,127.262909,37.5365246,2023-08-29 11:09,f_f012329
f012329_93395,127.2682809,37.5340368,2023-08-29 11:09,f_f012329
f012329_93395,127.2739456,37.5316782,2023-08-29 11:10,f_f012329
f012329_93395,127.2803052,37.5300601,2023-08-29 11:10,f_f012329
f012329_93395,127.2870346,37.5302204,2023-08-29 11:11,f_f012329
f012329_93395,127.2937767,37.530454,2023-08-29 11:11,f_f012329
f012329_93395,127.3002253,37.5320829,2023-08-29 11:12,f_f012329
f012329_93395,127.3052152,37.5334529,2023-08-29 11:12,f_f012329
f012329_93395,127.3112821,37.5351194,2023-08-29 11:13,f_f012329
f012329_93395,127.3179241,37.5369447,2023-08-29 11:13,f_f012329
f012329_93395,127.3247879,37.5378907,2023-08-29 11:14,f_f012329
f012329_93395,127.3319785,37.5369853,2023-08-29 11:14,f_f012329
f012329_93395,127.3379842,37.5366977,2023-08-29 11:14,f_f012329
f012329_93395,127.3437606,37.5368373,2023-08-29 11:15,f_f012329
f012329_93395,127.3498853,37.5370886,2023-08-29 11:15,f_f012329
f012329_93395,127.3557249,37.5360739,2023-08-29 11:16,f_f012329
f012329_93395,127.3609546,37.5338602,2023-08-29 11:16,f_f012329
f012329_93395,127.3661981,37.5313086,2023-08-29 11:17,f_f012329
f012329_93395,127.369992,37.5270952,2023-08-29 11:17,f_f012329
f012329_93395,127.373167,37.523109,2023-08-29 11:18,f_f012329
f012329_93395,127.3758767,37.5198086,2023-08-29 11:18,f_f012329
f012329_93395,127.3780057,37.5168869,2023-08-29 11:19,f_f012329
f012329_93395,127.3806079,37.5132967,2023-08-29 11:19,f_f012329
f012329_93395,127.384223,37.5091762,2023-08-29 11:20,f_f012329
f012329_93395,127.3900832,37.5071935,2023-08-29 11:20,f_f012329
f012329_93395,127.3951518,37.5095531,2023-08-29 11:20,f_f012329
f012329_93395,127.3968289,37.5098654,2023-08-29 11:21,f_f012329
f012329_93395,127.3968289,37.5098654,2023-08-29 11:21,f_f012329
f012329_93395,127.3990157,37.5104854,2023-08-29 11:22,f_f012329
f012329_93395,127.4026825,37.5123139,2023-08-29 11:22,f_f012329
f012329_93395,127.4076735,37.5140991,2023-08-29 11:23,f_f012329
f012329_93395,127.4131709,37.5155083,2023-08-29 11:23,f_f012329
f012329_93395,127.4189159,37.516032,2023-08-29 11:24,f_f012329
f012329_93395,127.425582,37.5151931,2023-08-29 11:24,f_f012329
f012329_93395,127.4311033,37.5150715,2023-08-29 11:25,f_f012329
f012329_93395,127.4356114,37.5135675,2023-08-29 11:25,f_f012329
f012329_93395,127.4397914,37.5166879,2023-08-29 11:26,f_f012329
f012329_93395,127.4440151,37.5197939,2023-08-29 11:26,f_f012329
f012329_93395,127.4486481,37.5203022,2023-08-29 11:26,f_f012329
f012329_93395,127.4514867,37.5151152,2023-08-29 11:27,f_f012329
f012329_93395,127.4520777,37.509126,2023-08-29 11:27,f_f012329
f012329_93395,127.4525422,37.5031717,2023-08-29 11:28,f_f012329
f012329_93395,127.4532702,37.4976288,2023-08-29 11:28,f_f012329
f012329_93395,127.4570342,37.4922476,2023-08-29 11:29,f_f012329
f012329_93395,127.4618352,37.486905,2023-08-29 11:29,f_f012329
f012329_93395,127.4664896,37.4817245,2023-08-29 11:30,f_f012329
f012329_93395,127.4704903,37.4756898,2023-08-29 11:30,f_f012329
f012329_93395,127.4715766,37.4691287,2023-08-29 11:31,f_f012329
f012329_93395,127.4739924,37.4630744,2023-08-29 11:31,f_f012329
f012329_93395,127.4755176,37.4566935,2023-08-29 11:31,f_f012329
f012329_93395,127.4753757,37.4499583,2023-08-29 11:32,f_f012329
f012329_93395,127.4777742,37.4437734,2023-08-29 11:32,f_f012329
f012329_93395,127.4825587,37.4383182,2023-08-29 11:33,f_f012329
f012329_93395,127.4875849,37.4331621,2023-08-29 11:33,f_f012329
f012329_93395,127.4934485,37.4286956,2023-08-29 11:34,f_f012329
f012329_93395,127.498355,37.4246888,2023-08-29 11:34,f_f012329
f012329_93395,127.50174,37.4200202,2023-08-29 11:35,f_f012329
f012329_93395,127.5062382,37.4111876,2023-08-29 11:35,f_f012329
f012329_93395,127.5111925,37.4068342,2023-08-29 11:36,f_f012329
f012329_93395,127.5164639,37.4026129,2023-08-29 11:36,f_f012329
f012329_93395,127.5196717,37.3975558,2023-08-29 11:37,f_f012329
f012329_93395,127.5215473,37.3920385,2023-08-29 11:37,f_f012329
f012329_93395,127.5235514,37.3856901,2023-08-29 11:38,f_f012329
f012329_93395,127.525436,37.3795051,2023-08-29 11:38,f_f012329
f012329_93395,127.5264046,37.3732737,2023-08-29 11:39,f_f012329
f012329_93395,127.5270287,37.367359,2023-08-29 11:39,f_f012329
f012329_93395,127.528392,37.3610894,2023-08-29 11:40,f_f012329
f012329_93395,127.5323192,37.3556646,2023-08-29 11:40,f_f012329
f012329_93395,127.5372923,37.3515917,2023-08-29 11:40,f_f012329
f012329_93395,127.5422784,37.346936,2023-08-29 11:41,f_f012329
f012329_93395,127.5466667,37.3416602,2023-08-29 11:41,f_f012329
f012329_93395,127.5508484,37.3367874,2023-08-29 11:42,f_f012329
f012329_93395,127.5558124,37.3323692,2023-08-29 11:42,f_f012329
f012329_93395,127.5612424,37.3281828,2023-08-29 11:43,f_f012329
f012329_93395,127.566944,37.3237907,2023-08-29 11:43,f_f012329
f012329_93395,127.5724209,37.3195613,2023-08-29 11:44,f_f012329
f012329_93395,127.5778048,37.3149995,2023-08-29 11:44,f_f012329
f012329_93395,127.581293,37.3094453,2023-08-29 11:45,f_f012329
f012329_93395,127.5809433,37.3053048,2023-08-29 11:45,f_f012329
f012329_93395,127.5852251,37.3039131,2023-08-29 11:46,f_f012329
f012329_93395,127.5862996,37.2998912,2023-08-29 11:46,f_f012329
f012329_93395,127.5884548,37.2980441,2023-08-29 11:46,f_f012329
f012329_93395,127.5929714,37.2989136,2023-08-29 11:47,f_f012329
f012329_93395,127.5970968,37.298461,2023-08-29 11:47,f_f012329
f012329_93395,127.6013198,37.2978007,2023-08-29 11:48,f_f012329
f012329_93395,127.6047616,37.2976808,2023-08-29 11:48,f_f012329
f012329_93395,127.6047616,37.2976808,2023-08-29 11:49,f_f012329
f012329_93395,127.6060113,37.297645,2023-08-29 11:49,f_f012329
f012329_93395,127.6115929,37.2975893,2023-08-29 11:50,f_f012329
f012329_93395,127.6144607,37.2975184,2023-08-29 11:50,f_f012329
f012329_93395,127.6139923,37.2933095,2023-08-29 11:51,f_f012329
f012329_93395,127.6163822,37.2881732,2023-08-29 11:51,f_f012329
f012329_93395,127.6187475,37.2865,2023-08-29 11:51,f_f012329
f012329_93395,127.6187475,37.2865,2023-08-29 11:52,f_f012329
f012329_93395,127.6187475,37.2865,2023-08-29 11:52,f_f012329
f012329_93395,127.6187475,37.2865,2023-08-29 11:53,f_f012329
f012329_93395,127.6222774,37.2852731,2023-08-29 11:53,f_f012329
f012329_93395,127.6290516,37.2834688,2023-08-29 11:54,f_f012329
f012329_93395,127.6368023,37.282639,2023-08-29 11:54,f_f012329
f012329_93395,127.6443159,37.2815429,2023-08-29 11:55,f_f012329
f012329_93395,127.6517489,37.2812724,2023-08-29 11:55,f_f012329
f012329_93395,127.6584126,37.2803383,2023-08-29 11:56,f_f012329
f012329_93395,127.6650085,37.2799665,2023-08-29 11:56,f_f012329
f012329_93395,127.6710615,37.2830718,2023-08-29 11:57,f_f012329
f012329_93395,127.6777502,37.2836424,2023-08-29 11:57,f_f012329
f012329_93395,127.6844019,37.2836658,2023-08-29 11:57,f_f012329
f012329_93395,127.691361,37.2832523,2023-08-29 11:58,f_f012329
f012329_93395,127.6984724,37.2825448,2023-08-29 11:58,f_f012329
f012329_93395,127.7032406,37.2787301,2023-08-29 11:59,f_f012329
f012329_93395,127.708237,37.2746906,2023-08-29 11:59,f_f012329
f012329_93395,127.7149049,37.2732176,2023-08-29 12:00,f_f012329
f012329_93395,127.7216629,37.2722355,2023-08-29 12:00,f_f012329
f012329_93395,127.7327228,37.272532,2023-08-29 12:01,f_f012329
f012329_93395,127.7399468,37.273377,2023-08-29 12:01,f_f012329
f012329_93395,127.7468355,37.27362,2023-08-29 12:02,f_f012329
f012329_93395,127.7557701,37.2782708,2023-08-29 12:03,f_f012329
f012329_93395,127.7623856,37.278491,2023-08-29 12:03,f_f012329
f012329_93395,127.7690244,37.2779998,2023-08-29 12:04,f_f012329
f012329_93395,127.7755499,37.2789788,2023-08-29 12:04,f_f012329
f012329_93395,127.7806141,37.2827524,2023-08-29 12:05,f_f012329
f012329_93395,127.7847143,37.287372,2023-08-29 12:05,f_f012329
f012329_93395,127.7863191,37.2927959,2023-08-29 12:05,f_f012329
f012329_93395,127.7909346,37.2963458,2023-08-29 12:06,f_f012329
f012329_93395,127.7909346,37.2963458,2023-08-29 12:06,f_f012329
f012329_93395,127.7909346,37.2963458,2023-08-29 12:07,f_f012329
f012329_93395,127.7909346,37.2963458,2023-08-29 12:07,f_f012329
f012329_93395,127.7934576,37.2962067,2023-08-29 12:08,f_f012329
f012329_93395,127.7934576,37.2962067,2023-08-29 12:08,f_f012329
f012329_93395,127.7934576,37.2962067,2023-08-29 12:09,f_f012329
f012329_93395,127.7934576,37.2962067,2023-08-29 12:09,f_f012329
f012329_93395,127.7934576,37.2962067,2023-08-29 12:10,f_f012329
f012329_93395,127.7934576,37.2962067,2023-08-29 12:11,f_f012329
f012329_93395,127.7934576,37.2962067,2023-08-29 12:12,f_f012329
f012329_93395,127.7934576,37.2962067,2023-08-29 12:13,f_f012329
f012329_93395,127.7934576,37.2962067,2023-08-29 12:14,f_f012329
f012329_93395,127.7934576,37.2962067,2023-08-29 12:15,f_f012329
f012329_93395,127.7934576,37.2962067,2023-08-29 12:15,f_f012329
f012329_93395,127.7934576,37.2962067,2023-08-29 12:16,f_f012329
f012329_93395,127.7934576,37.2962067,2023-08-29 12:17,f_f012329
f012329_93395,127.7934576,37.2962067,2023-08-29 12:18,f_f012329
f012329_93395,127.7934576,37.2962067,2023-08-29 12:19,f_f012329
f012329_93395,127.7934576,37.2962067,2023-08-29 12:20,f_f012329
f012329_93395,127.7934576,37.2962067,2023-08-29 12:21,f_f012329
f012329_93395,127.7934576,37.2962067,2023-08-29 12:22,f_f012329
f012329_93395,127.7934576,37.2962067,2023-08-29 12:23,f_f012329
f012329_93395,127.7934576,37.2962067,2023-08-29 12:24,f_f012329
f012329_93395,127.7934576,37.2962067,2023-08-29 12:25,f_f012329
f012329_93395,127.7934576,37.2962067,2023-08-29 12:26,f_f012329
f012329_93395,127.7934576,37.2962067,2023-08-29 12:27,f_f012329
f012329_93395,127.7934576,37.2962067,2023-08-29 12:28,f_f012329
f012329_93395,127.7934576,37.2962067,2023-08-29 12:29,f_f012329
f012329_93395,127.7934576,37.2962067,2023-08-29 12:30,f_f012329
f012329_93395,127.7934576,37.2962067,2023-08-29 12:31,f_f012329
f012329_93395,127.7934576,37.2962067,2023-08-29 12:32,f_f012329
f012329_93395,127.7934576,37.2962067,2023-08-29 12:32,f_f012329
f012329_93395,127.7934576,37.2962067,2023-08-29 12:33,f_f012329
f012329_93395,127.7934576,37.2962067,2023-08-29 12:33,f_f012329
f012329_93395,127.7934576,37.2962067,2023-08-29 12:34,f_f012329
f012329_93395,127.7937205,37.2964704,2023-08-29 12:34,f_f012329
f012329_93395,127.7970236,37.2988773,2023-08-29 12:35,f_f012329
f012329_93395,127.7990777,37.2988044,2023-08-29 12:35,f_f012329
f012329_93395,127.8019111,37.3013775,2023-08-29 12:35,f_f012329
f012329_93395,127.8062415,37.3051422,2023-08-29 12:36,f_f012329
f012329_93395,127.8104712,37.3086241,2023-08-29 12:36,f_f012329
f012329_93395,127.8148327,37.3126498,2023-08-29 12:37,f_f012329
f012329_93395,127.8200174,37.3155506,2023-08-29 12:37,f_f012329
f012329_93395,127.8228331,37.3166166,2023-08-29 12:38,f_f012329
f012329_93395,127.8228331,37.3166166,2023-08-29 12:38,f_f012329
f012329_93395,127.8228331,37.3166166,2023-08-29 12:39,f_f012329
f012329_93395,127.8228331,37.3166166,2023-08-29 12:39,f_f012329
f012329_93395,127.8221685,37.317938,2023-08-29 12:40,f_f012329
f012329_93395,127.8259685,37.3196249,2023-08-29 12:40,f_f012329
f012329_93395,127.8288808,37.321801,2023-08-29 12:41,f_f012329
f012329_93395,127.8288808,37.321801,2023-08-29 12:42,f_f012329
f012329_93395,127.8299539,37.3249796,2023-08-29 12:43,f_f012329
f012329_93395,127.8299539,37.3249796,2023-08-29 12:44,f_f012329
f012329_93395,127.8298588,37.3252529,2023-08-29 12:44,f_f012329
f012329_93395,127.8298588,37.3252529,2023-08-29 12:44,f_f012329
f012329_93395,127.8298588,37.3252529,2023-08-29 12:45,f_f012329
f012329_93395,127.8298588,37.3252529,2023-08-29 12:45,f_f012329
f012329_93395,127.829437,37.326464,2023-08-29 12:46,f_f012329
f012329_93395,127.829844,37.3285963,2023-08-29 12:46,f_f012329
f012329_93395,127.8308509,37.3312633,2023-08-29 12:47,f_f012329
f012329_93395,127.8328883,37.3319237,2023-08-29 12:47,f_f012329
f012329_93395,127.833464,37.3339546,2023-08-29 12:48,f_f012329
f012329_93395,127.8346014,37.3359177,2023-08-29 12:48,f_f012329
f012329_93395,127.8344918,37.3391513,2023-08-29 12:49,f_f012329
f012329_93395,127.8356778,37.3423915,2023-08-29 12:49,f_f012329
f012329_93395,127.8380862,37.3453906,2023-08-29 12:50,f_f012329
f012329_93395,127.842227,37.3439401,2023-08-29 12:50,f_f012329
f012329_93395,127.844886,37.3447545,2023-08-29 12:50,f_f012329
f012329_93395,127.8472499,37.3463898,2023-08-29 12:51,f_f012329
f012329_93395,127.8472499,37.3463898,2023-08-29 12:51,f_f012329
f012329_93395,127.8472499,37.3463898,2023-08-29 12:52,f_f012329
f012329_93395,127.8472499,37.3463898,2023-08-29 12:52,f_f012329
f012329_93395,127.8472499,37.3463898,2023-08-29 12:53,f_f012329
f012329_93395,127.8472499,37.3463898,2023-08-29 12:53,f_f012329
f012329_93395,127.8472499,37.3463898,2023-08-29 12:54,f_f012329
f012329_93395,127.8472499,37.3463898,2023-08-29 12:54,f_f012329
f012329_93395,127.8472499,37.3463898,2023-08-29 12:55,f_f012329
f012329_93395,127.8472499,37.3463898,2023-08-29 12:55,f_f012329
f012329_93395,127.8472499,37.3463898,2023-08-29 12:55,f_f012329
f012329_93395,127.8472499,37.3463898,2023-08-29 12:56,f_f012329
f012329_93395,127.8472499,37.3463898,2023-08-29 12:57,f_f012329
f012329_93395,127.8472499,37.3463898,2023-08-29 12:58,f_f012329
f012329_93395,127.8472499,37.3463898,2023-08-29 12:59,f_f012329
f012329_93395,127.8472499,37.3463898,2023-08-29 12:59,f_f012329
f012329_93395,127.8472499,37.3463898,2023-08-29 13:00,f_f012329
f012329_93395,127.8472499,37.3463898,2023-08-29 13:00,f_f012329
f012329_93395,127.8472499,37.3463898,2023-08-29 13:01,f_f012329
f012329_93395,127.8472499,37.3463898,2023-08-29 13:02,f_f012329
f012329_93395,127.8472499,37.3463898,2023-08-29 13:03,f_f012329
f012329_93395,127.8472499,37.3463898,2023-08-29 13:04,f_f012329
f012329_93395,127.8472499,37.3463898,2023-08-29 13:05,f_f012329
f012329_93395,127.8472499,37.3463898,2023-08-29 13:06,f_f012329
f012329_93395,127.8472499,37.3463898,2023-08-29 13:07,f_f012329
f012329_93395,127.8472499,37.3463898,2023-08-29 13:08,f_f012329
f012329_93395,127.8472499,37.3463898,2023-08-29 13:09,f_f012329
f012329_93395,127.8472499,37.3463898,2023-08-29 13:10,f_f012329
f012329_93395,127.8472499,37.3463898,2023-08-29 13:11,f_f012329
f012329_93395,127.8472499,37.3463898,2023-08-29 13:12,f_f012329
f012329_93395,127.8472499,37.3463898,2023-08-29 13:13,f_f012329
f012329_93395,127.8472499,37.3463898,2023-08-29 13:14,f_f012329
f012329_93395,127.8472499,37.3463898,2023-08-29 13:15,f_f012329
f012329_93395,127.8472499,37.3463898,2023-08-29 13:16,f_f012329
f012329_93395,127.8472499,37.3463898,2023-08-29 13:16,f_f012329
f012329_93395,127.8472499,37.3463898,2023-08-29 13:17,f_f012329
f012329_93395,127.8472499,37.3463898,2023-08-29 13:18,f_f012329
f012329_93395,127.8472499,37.3463898,2023-08-29 13:19,f_f012329
f012329_93395,127.8472499,37.3463898,2023-08-29 13:20,f_f012329
f012329_93395,127.8472499,37.3463898,2023-08-29 13:21,f_f012329
f012329_93395,127.8472499,37.3463898,2023-08-29 13:23,f_f012329
f012329_93395,127.8472499,37.3463898,2023-08-29 13:23,f_f012329
f012329_93395,127.8472499,37.3463898,2023-08-29 13:24,f_f012329
f012329_93395,127.8472499,37.3463898,2023-08-29 13:25,f_f012329
f012329_93395,127.8472499,37.3463898,2023-08-29 13:26,f_f012329
f012329_93395,127.8472499,37.3463898,2023-08-29 13:27,f_f012329
f012329_93395,127.8472499,37.3463898,2023-08-29 13:28,f_f012329
f012329_93395,127.8472499,37.3463898,2023-08-29 13:29,f_f012329
f012329_93395,127.8472499,37.3463898,2023-08-29 13:30,f_f012329
f012329_93395,127.8472499,37.3463898,2023-08-29 13:31,f_f012329
f012329_93395,127.8472499,37.3463898,2023-08-29 13:32,f_f012329
f012329_93395,127.8472499,37.3463898,2023-08-29 13:33,f_f012329
f012329_93395,127.8472499,37.3463898,2023-08-29 13:34,f_f012329
f012329_93395,127.8472499,37.3463898,2023-08-29 13:35,f_f012329
f012329_93395,127.8472499,37.3463898,2023-08-29 13:36,f_f012329
f012329_93395,127.8472499,37.3463898,2023-08-29 13:37,f_f012329
f012329_93395,127.8472499,37.3463898,2023-08-29 13:38,f_f012329
f012329_93395,127.8472499,37.3463898,2023-08-29 13:39,f_f012329
f012329_93395,127.8472499,37.3463898,2023-08-29 13:40,f_f012329
f012329_93395,127.8472499,37.3463898,2023-08-29 13:41,f_f012329
f012329_93395,127.8472499,37.3463898,2023-08-29 13:42,f_f012329
f012329_93395,127.8472499,37.3463898,2023-08-29 13:43,f_f012329
f012329_93395,127.8472499,37.3463898,2023-08-29 13:44,f_f012329
f012329_93395,127.8472499,37.3463898,2023-08-29 13:45,f_f012329
f012329_93395,127.8472499,37.3463898,2023-08-29 13:46,f_f012329
f012329_93395,127.8472499,37.3463898,2023-08-29 13:46,f_f012329
f012329_93395,127.8472499,37.3463898,2023-08-29 13:48,f_f012329
f012329_93395,127.8472499,37.3463898,2023-08-29 13:49,f_f012329
f012329_93395,127.8472499,37.3463898,2023-08-29 13:50,f_f012329
f012329_93395,127.8472499,37.3463898,2023-08-29 13:51,f_f012329
f012329_93395,127.8472499,37.3463898,2023-08-29 13:52,f_f012329
f012329_93395,127.8472499,37.3463898,2023-08-29 13:53,f_f012329
f012329_93395,127.8472499,37.3463898,2023-08-29 13:54,f_f012329
f012329_93395,127.8472499,37.3463898,2023-08-29 13:55,f_f012329
f012329_93395,127.8472499,37.3463898,2023-08-29 13:56,f_f012329
f012329_93395,127.8472499,37.3463898,2023-08-29 13:56,f_f012329
f012329_93395,127.8472499,37.3463898,2023-08-29 13:57,f_f012329
f012329_93395,127.8472499,37.3463898,2023-08-29 13:58,f_f012329
f012329_93395,127.8472499,37.3463898,2023-08-29 13:59,f_f012329
f012329_93395,127.8472499,37.3463898,2023-08-29 14:00,f_f012329
f012329_93395,127.8472499,37.3463898,2023-08-29 14:01,f_f012329
f012329_93395,127.8472499,37.3463898,2023-08-29 14:02,f_f012329
f012329_93395,127.8472499,37.3463898,2023-08-29 14:03,f_f012329
f012329_93395,127.8472499,37.3463898,2023-08-29 14:04,f_f012329
f012329_93395,127.8472499,37.3463898,2023-08-29 14:05,f_f012329
f012329_93395,127.8472499,37.3463898,2023-08-29 14:06,f_f012329
f012329_93395,127.8472499,37.3463898,2023-08-29 14:07,f_f012329
f012329_93395,127.8472499,37.3463898,2023-08-29 14:08,f_f012329
f012329_93395,127.8472499,37.3463898,2023-08-29 14:09,f_f012329
f012329_93395,127.8472499,37.3463898,2023-08-29 14:09,f_f012329
f012329_93395,127.8472499,37.3463898,2023-08-29 14:09,f_f012329
f012329_93395,127.8472499,37.3463898,2023-08-29 14:10,f_f012329
f012329_93395,127.8472499,37.3463898,2023-08-29 14:10,f_f012329
f012329_93395,127.8472499,37.3463898,2023-08-29 14:11,f_f012329
f012329_93395,127.8472499,37.3463898,2023-08-29 14:11,f_f012329
f012329_93395,127.8472499,37.3463898,2023-08-29 14:12,f_f012329
f012329_93395,127.847701,37.3459764,2023-08-29 14:12,f_f012329
f012329_93395,127.8487,37.3449303,2023-08-29 14:13,f_f012329
f012329_93395,127.8500523,37.3420677,2023-08-29 14:13,f_f012329
f012329_93395,127.8523947,37.3403988,2023-08-29 14:14,f_f012329
f012329_93395,127.8532795,37.3388064,2023-08-29 14:14,f_f012329
f012329_93395,127.8538746,37.3363103,2023-08-29 14:15,f_f012329
f012329_93395,127.8536788,37.3331442,2023-08-29 14:15,f_f012329
f012329_93395,127.8512119,37.3297443,2023-08-29 14:15,f_f012329
f012329_93395,127.8482925,37.3295482,2023-08-29 14:16,f_f012329
f012329_93395,127.8482925,37.3295482,2023-08-29 14:16,f_f012329
f012329_93395,127.8482925,37.3295482,2023-08-29 14:17,f_f012329
f012329_93395,127.8482925,37.3295482,2023-08-29 14:17,f_f012329
f012329_93395,127.8462291,37.3284627,2023-08-29 14:18,f_f012329
f012329_93395,127.843086,37.3253218,2023-08-29 14:18,f_f012329
f012329_93395,127.8391002,37.3239252,2023-08-29 14:19,f_f012329
f012329_93395,127.834357,37.3220259,2023-08-29 14:19,f_f012329
f012329_93395,127.8331715,37.3211732,2023-08-29 14:20,f_f012329
f012329_93395,127.8331715,37.3211732,2023-08-29 14:20,f_f012329
f012329_93395,127.8331715,37.3211732,2023-08-29 14:21,f_f012329
f012329_93395,127.8331715,37.3211732,2023-08-29 14:21,f_f012329
f012329_93395,127.8331715,37.3211732,2023-08-29 14:21,f_f012329
f012329_93395,127.8331715,37.3211732,2023-08-29 14:22,f_f012329
f012329_93395,127.8331715,37.3211732,2023-08-29 14:22,f_f012329
f012329_93395,127.8331715,37.3211732,2023-08-29 14:24,f_f012329
f012329_93395,127.8331715,37.3211732,2023-08-29 14:25,f_f012329
f012329_93395,127.8331715,37.3211732,2023-08-29 14:26,f_f012329
f012329_93395,127.8331715,37.3211732,2023-08-29 14:27,f_f012329
f012329_93395,127.8331715,37.3211732,2023-08-29 14:28,f_f012329
f012329_93395,127.8331715,37.3211732,2023-08-29 14:28,f_f012329
f012329_93395,127.8331715,37.3211732,2023-08-29 14:29,f_f012329
f012329_93395,127.8331715,37.3211732,2023-08-29 14:29,f_f012329
f012329_93395,127.8331715,37.3211732,2023-08-29 14:30,f_f012329
f012329_93395,127.8331715,37.3211732,2023-08-29 14:31,f_f012329
f012329_93395,127.8331715,37.3211732,2023-08-29 14:32,f_f012329
f012329_93395,127.8331715,37.3211732,2023-08-29 14:33,f_f012329
f012329_93395,127.8331715,37.3211732,2023-08-29 14:34,f_f012329
f012329_93395,127.8331715,37.3211732,2023-08-29 14:35,f_f012329
f012329_93395,127.8331715,37.3211732,2023-08-29 14:36,f_f012329
f012329_93395,127.8331715,37.3211732,2023-08-29 14:37,f_f012329
f012329_93395,127.8331715,37.3211732,2023-08-29 14:38,f_f012329
f012329_93395,127.8331715,37.3211732,2023-08-29 14:39,f_f012329
f012329_93395,127.8331715,37.3211732,2023-08-29 14:39,f_f012329
f012329_93395,127.8331715,37.3211732,2023-08-29 14:40,f_f012329
f012329_93395,127.8331715,37.3211732,2023-08-29 14:41,f_f012329
f012329_93395,127.8331715,37.3211732,2023-08-29 14:41,f_f012329
f012329_93395,127.8331715,37.3211732,2023-08-29 14:42,f_f012329
f012329_93395,127.8331715,37.3211732,2023-08-29 14:43,f_f012329
f012329_93395,127.8331715,37.3211732,2023-08-29 14:44,f_f012329
f012329_93395,127.8331715,37.3211732,2023-08-29 14:45,f_f012329
f012329_93395,127.8331715,37.3211732,2023-08-29 14:46,f_f012329
f012329_93395,127.8331715,37.3211732,2023-08-29 14:47,f_f012329
f012329_93395,127.8331715,37.3211732,2023-08-29 14:48,f_f012329
f012329_93395,127.8331715,37.3211732,2023-08-29 14:49,f_f012329
f012329_93395,127.8331715,37.3211732,2023-08-29 14:50,f_f012329
f012329_93395,127.8331715,37.3211732,2023-08-29 14:51,f_f012329
f012329_93395,127.8331715,37.3211732,2023-08-29 14:51,f_f012329
f012329_93395,127.8331715,37.3211732,2023-08-29 14:52,f_f012329
f012329_93395,127.8331715,37.3211732,2023-08-29 14:53,f_f012329
f012329_93395,127.8331715,37.3211732,2023-08-29 14:54,f_f012329
f012329_93395,127.8331715,37.3211732,2023-08-29 14:55,f_f012329
f012329_93395,127.8331715,37.3211732,2023-08-29 14:56,f_f012329
f012329_93395,127.8331715,37.3211732,2023-08-29 14:57,f_f012329
f012329_93395,127.8331715,37.3211732,2023-08-29 14:58,f_f012329
f012329_93395,127.8331715,37.3211732,2023-08-29 14:59,f_f012329
f012329_93395,127.8331715,37.3211732,2023-08-29 14:59,f_f012329
f012329_93395,127.8331715,37.3211732,2023-08-29 15:01,f_f012329
f012329_93395,127.8311644,37.3198837,2023-08-29 15:02,f_f012329
f012329_93395,127.8311644,37.3198837,2023-08-29 15:03,f_f012329
f012329_93395,127.8311644,37.3198837,2023-08-29 15:04,f_f012329
f012329_93395,127.8311644,37.3198837,2023-08-29 15:05,f_f012329
f012329_93395,127.8311644,37.3198837,2023-08-29 15:06,f_f012329
f012329_93395,127.8311644,37.3198837,2023-08-29 15:07,f_f012329
f012329_93395,127.8311644,37.3198837,2023-08-29 15:08,f_f012329
f012329_93395,127.8311644,37.3198837,2023-08-29 15:09,f_f012329
f012329_93395,127.8311644,37.3198837,2023-08-29 15:10,f_f012329
f012329_93395,127.8311644,37.3198837,2023-08-29 15:11,f_f012329
f012329_93395,127.8311644,37.3198837,2023-08-29 15:12,f_f012329
f012329_93395,127.8311644,37.3198837,2023-08-29 15:13,f_f012329
f012329_93395,127.8311644,37.3198837,2023-08-29 15:14,f_f012329
f012329_93395,127.8311644,37.3198837,2023-08-29 15:15,f_f012329
f012329_93395,127.8311644,37.3198837,2023-08-29 15:16,f_f012329
f012329_93395,127.8311644,37.3198837,2023-08-29 15:17,f_f012329
f012329_93395,127.8311644,37.3198837,2023-08-29 15:18,f_f012329
f012329_93395,127.8311644,37.3198837,2023-08-29 15:19,f_f012329
f012329_93395,127.8311644,37.3198837,2023-08-29 15:19,f_f012329
f012329_93395,127.8311644,37.3198837,2023-08-29 15:20,f_f012329
f012329_93395,127.8311644,37.3198837,2023-08-29 15:20,f_f012329
f012329_93395,127.8311644,37.3198837,2023-08-29 15:21,f_f012329
f012329_93395,127.8311644,37.3198837,2023-08-29 15:21,f_f012329
f012329_93395,127.8311644,37.3198837,2023-08-29 15:22,f_f012329
f012329_93395,127.8311644,37.3198837,2023-08-29 15:22,f_f012329
f012329_93395,127.8311644,37.3198837,2023-08-29 15:22,f_f012329
f012329_93395,127.8311644,37.3198837,2023-08-29 15:23,f_f012329
f012329_93395,127.8311644,37.3198837,2023-08-29 15:23,f_f012329
f012329_93395,127.8285909,37.319306,2023-08-29 15:24,f_f012329
f012329_93395,127.8285909,37.319306,2023-08-29 15:24,f_f012329
f012329_93395,127.8285909,37.319306,2023-08-29 15:25,f_f012329
f012329_93395,127.8285909,37.319306,2023-08-29 15:25,f_f012329
f012329_93395,127.8285909,37.319306,2023-08-29 15:26,f_f012329
f012329_93395,127.8285909,37.319306,2023-08-29 15:26,f_f012329
f012329_93395,127.8285909,37.319306,2023-08-29 15:27,f_f012329
f012329_93395,127.8285909,37.319306,2023-08-29 15:27,f_f012329
f012329_93395,127.8285909,37.319306,2023-08-29 15:28,f_f012329
f012329_93395,127.8285909,37.319306,2023-08-29 15:28,f_f012329
f012329_93395,127.8285909,37.319306,2023-08-29 15:29,f_f012329
f012329_93395,127.8285909,37.319306,2023-08-29 15:29,f_f012329
f012329_93395,127.8285909,37.319306,2023-08-29 15:30,f_f012329
f012329_93395,127.8285909,37.319306,2023-08-29 15:30,f_f012329
f012329_93395,127.8285909,37.319306,2023-08-29 15:30,f_f012329
f012329_93395,127.8285909,37.319306,2023-08-29 15:31,f_f012329
f012329_93395,127.8285909,37.319306,2023-08-29 15:31,f_f012329
f012329_93395,127.8285909,37.319306,2023-08-29 15:32,f_f012329
f012329_93395,127.8285909,37.319306,2023-08-29 15:32,f_f012329
f012329_93395,127.8285909,37.319306,2023-08-29 15:33,f_f012329
f012329_93395,127.8285909,37.319306,2023-08-29 15:33,f_f012329
f012329_93395,127.8285909,37.319306,2023-08-29 15:34,f_f012329
f012329_93395,127.8285909,37.319306,2023-08-29 15:34,f_f012329
f012329_93395,127.8285909,37.319306,2023-08-29 15:35,f_f012329
f012329_93395,127.8285909,37.319306,2023-08-29 15:35,f_f012329
f012329_93395,127.8285909,37.319306,2023-08-29 15:36,f_f012329
f012329_93395,127.8285909,37.319306,2023-08-29 15:36,f_f012329
f012329_93395,127.8285909,37.319306,2023-08-29 15:36,f_f012329
f012329_93395,127.8285909,37.319306,2023-08-29 15:37,f_f012329
f012329_93395,127.8285909,37.319306,2023-08-29 15:37,f_f012329
f012329_93395,127.8285909,37.319306,2023-08-29 15:38,f_f012329
f012329_93395,127.8285909,37.319306,2023-08-29 15:38,f_f012329
f012329_93395,127.8285909,37.319306,2023-08-29 15:39,f_f012329
f012329_93395,127.8285909,37.319306,2023-08-29 15:39,f_f012329
f012329_93395,127.8285909,37.319306,2023-08-29 15:40,f_f012329
f012329_93395,127.8285909,37.319306,2023-08-29 15:40,f_f012329
f012329_93395,127.8285909,37.319306,2023-08-29 15:41,f_f012329
f012329_93395,127.8285909,37.319306,2023-08-29 15:41,f_f012329
f012329_93395,127.8285909,37.319306,2023-08-29 15:42,f_f012329
f012329_93395,127.8285909,37.319306,2023-08-29 15:42,f_f012329
f012329_93395,127.8285909,37.319306,2023-08-29 15:42,f_f012329
f012329_93395,127.8285909,37.319306,2023-08-29 15:43,f_f012329
f012329_93395,127.8285909,37.319306,2023-08-29 15:43,f_f012329
f012329_93395,127.8285909,37.319306,2023-08-29 15:44,f_f012329
f012329_93395,127.8285909,37.319306,2023-08-29 15:44,f_f012329
f012329_93395,127.8285909,37.319306,2023-08-29 15:45,f_f012329
f012329_93395,127.8285909,37.319306,2023-08-29 15:45,f_f012329
f012329_93395,127.8285909,37.319306,2023-08-29 15:46,f_f012329
f012329_93395,127.8285909,37.319306,2023-08-29 15:46,f_f012329
f012329_93395,127.8285909,37.319306,2023-08-29 15:47,f_f012329
f012329_93395,127.8285909,37.319306,2023-08-29 15:47,f_f012329
f012329_93395,127.8285909,37.319306,2023-08-29 15:48,f_f012329
f012329_93395,127.8285909,37.319306,2023-08-29 15:48,f_f012329
f012329_93395,127.8285909,37.319306,2023-08-29 15:48,f_f012329
f012329_93395,127.8285909,37.319306,2023-08-29 15:49,f_f012329
f012329_93395,127.8285909,37.319306,2023-08-29 15:50,f_f012329
f012329_93395,127.8285909,37.319306,2023-08-29 15:51,f_f012329
f012329_93395,127.8285909,37.319306,2023-08-29 15:51,f_f012329
f012329_93395,127.8285909,37.319306,2023-08-29 15:52,f_f012329
f012329_93395,127.8285909,37.319306,2023-08-29 15:53,f_f012329
f012329_93395,127.8285909,37.319306,2023-08-29 15:53,f_f012329
f012329_93395,127.8285909,37.319306,2023-08-29 15:54,f_f012329
f012329_93395,127.8285909,37.319306,2023-08-29 15:55,f_f012329
f012329_93395,127.8285909,37.319306,2023-08-29 15:57,f_f012329
f012329_93395,127.8285909,37.319306,2023-08-29 15:58,f_f012329
f012329_93395,127.8285909,37.319306,2023-08-29 15:59,f_f012329
f012329_93395,127.8285909,37.319306,2023-08-29 16:00,f_f012329
f012329_93395,127.8285909,37.319306,2023-08-29 16:01,f_f012329
f012329_93395,127.8285909,37.319306,2023-08-29 16:02,f_f012329
f012329_93395,127.8285909,37.319306,2023-08-29 16:03,f_f012329
f012329_93395,127.8285909,37.319306,2023-08-29 16:04,f_f012329
f012329_93395,127.8285909,37.319306,2023-08-29 16:05,f_f012329
f012329_93395,127.8285909,37.319306,2023-08-29 16:06,f_f012329
f012329_93395,127.8285909,37.319306,2023-08-29 16:07,f_f012329
f012329_93395,127.8285909,37.319306,2023-08-29 16:08,f_f012329
f012329_93395,127.8285909,37.319306,2023-08-29 16:09,f_f012329
f012329_93395,127.8285909,37.319306,2023-08-29 16:09,f_f012329
f012329_93395,127.8285909,37.319306,2023-08-29 16:10,f_f012329
f012329_93395,127.8285909,37.319306,2023-08-29 16:11,f_f012329
f012329_93395,127.8282571,37.3189686,2023-08-29 16:12,f_f012329
f012329_93395,127.8282571,37.3189686,2023-08-29 16:13,f_f012329
f012329_93395,127.8282571,37.3189686,2023-08-29 16:13,f_f012329
f012329_93395,127.8276102,37.3185046,2023-08-29 16:14,f_f012329
f012329_93395,127.8232689,37.3168879,2023-08-29 16:14,f_f012329
f012329_93395,127.819046,37.3153009,2023-08-29 16:14,f_f012329
f012329_93395,127.8147654,37.3127795,2023-08-29 16:15,f_f012329
f012329_93395,127.8111844,37.3094113,2023-08-29 16:15,f_f012329
f012329_93395,127.8073577,37.3062477,2023-08-29 16:16,f_f012329
f012329_93395,127.8035168,37.3029904,2023-08-29 16:16,f_f012329
f012329_93395,127.7998928,37.2998112,2023-08-29 16:17,f_f012329
f012329_93395,127.7949856,37.2974741,2023-08-29 16:17,f_f012329
f012329_93395,127.7895306,37.2960852,2023-08-29 16:18,f_f012329
f012329_93395,127.7861055,37.292558,2023-08-29 16:18,f_f012329
f012329_93395,127.7847809,37.2877916,2023-08-29 16:19,f_f012329
f012329_93395,127.7814763,37.2836515,2023-08-29 16:19,f_f012329
f012329_93395,127.7772835,37.2801483,2023-08-29 16:20,f_f012329
f012329_93395,127.7722366,37.2776289,2023-08-29 16:20,f_f012329
f012329_93395,127.766936,37.2783267,2023-08-29 16:20,f_f012329
f012329_93395,127.7619443,37.2788541,2023-08-29 16:21,f_f012329
f012329_93395,127.757313,37.2794007,2023-08-29 16:21,f_f012329
f012329_93395,127.7516748,37.2747922,2023-08-29 16:22,f_f012329
f012329_93395,127.7461794,37.2737585,2023-08-29 16:22,f_f012329
f012329_93395,127.7401415,37.2734986,2023-08-29 16:23,f_f012329
f012329_93395,127.7348006,37.2728942,2023-08-29 16:23,f_f012329
f012329_93395,127.7233604,37.2725234,2023-08-29 16:24,f_f012329
f012329_93395,127.7176672,37.2727314,2023-08-29 16:25,f_f012329
f012329_93395,127.7124441,37.2738652,2023-08-29 16:25,f_f012329
f012329_93395,127.7070115,37.2752811,2023-08-29 16:26,f_f012329
f012329_93395,127.7033861,37.278702,2023-08-29 16:26,f_f012329
f012329_93395,127.699646,37.2821839,2023-08-29 16:27,f_f012329
f012329_93395,127.6943828,37.2831212,2023-08-29 16:27,f_f012329
f012329_93395,127.6887154,37.2835766,2023-08-29 16:27,f_f012329
f012329_93395,127.6833039,37.2837631,2023-08-29 16:28,f_f012329
f012329_93395,127.6777664,37.2837651,2023-08-29 16:28,f_f012329
f012329_93395,127.6722055,37.2835775,2023-08-29 16:29,f_f012329
f012329_93395,127.6677612,37.2814061,2023-08-29 16:29,f_f012329
f012329_93395,127.6632385,37.2798495,2023-08-29 16:30,f_f012329
f012329_93395,127.6581054,37.2805142,2023-08-29 16:30,f_f012329
f012329_93395,127.6526378,37.2813086,2023-08-29 16:31,f_f012329
f012329_93395,127.6472928,37.2815952,2023-08-29 16:31,f_f012329
f012329_93395,127.6418766,37.2819304,2023-08-29 16:32,f_f012329
f012329_93395,127.6354544,37.2829389,2023-08-29 16:32,f_f012329
f012329_93395,127.6293755,37.2835202,2023-08-29 16:33,f_f012329
f012329_93395,127.6235837,37.2849471,2023-08-29 16:33,f_f012329
f012329_93395,127.6194523,37.2863137,2023-08-29 16:33,f_f012329
f012329_93395,127.6194523,37.2863137,2023-08-29 16:34,f_f012329
f012329_93395,127.6194523,37.2863137,2023-08-29 16:34,f_f012329
f012329_93395,127.6194523,37.2863137,2023-08-29 16:35,f_f012329
f012329_93395,127.616187,37.2885087,2023-08-29 16:35,f_f012329
f012329_93395,127.614175,37.2928272,2023-08-29 16:36,f_f012329
f012329_93395,127.6149731,37.2970267,2023-08-29 16:36,f_f012329
f012329_93395,127.6108093,37.2978128,2023-08-29 16:37,f_f012329
f012329_93395,127.6055467,37.2978021,2023-08-29 16:37,f_f012329
f012329_93395,127.6004359,37.2979812,2023-08-29 16:38,f_f012329
f012329_93395,127.595851,37.2989473,2023-08-29 16:38,f_f012329
f012329_93395,127.5911378,37.2988292,2023-08-29 16:39,f_f012329
f012329_93395,127.5878075,37.2991331,2023-08-29 16:39,f_f012329
f012329_93395,127.5864117,37.3013925,2023-08-29 16:39,f_f012329
f012329_93395,127.5838032,37.3043866,2023-08-29 16:40,f_f012329
f012329_93395,127.5817729,37.3085723,2023-08-29 16:40,f_f012329
f012329_93395,127.5790372,37.3137717,2023-08-29 16:41,f_f012329
f012329_93395,127.5741478,37.3184219,2023-08-29 16:41,f_f012329
f012329_93395,127.5691572,37.3222696,2023-08-29 16:42,f_f012329
f012329_93395,127.5642598,37.3260329,2023-08-29 16:42,f_f012329
f012329_93395,127.5592032,37.3299292,2023-08-29 16:43,f_f012329
f012329_93395,127.5543975,37.3336797,2023-08-29 16:43,f_f012329
f012329_93395,127.5500681,37.3378044,2023-08-29 16:44,f_f012329
f012329_93395,127.5475717,37.3409407,2023-08-29 16:44,f_f012329
f012329_93395,127.5473882,37.341299,2023-08-29 16:44,f_f012329
f012329_93395,127.5473882,37.341299,2023-08-29 16:45,f_f012329
f012329_93395,127.5473882,37.341299,2023-08-29 16:45,f_f012329
f012329_93395,127.5473882,37.341299,2023-08-29 16:46,f_f012329
f012329_93395,127.5473882,37.341299,2023-08-29 16:47,f_f012329
f012329_93395,127.5473882,37.341299,2023-08-29 16:48,f_f012329
f012329_93395,127.5473882,37.341299,2023-08-29 16:49,f_f012329
f012329_93395,127.5473882,37.341299,2023-08-29 16:50,f_f012329
f012329_93395,127.5473882,37.341299,2023-08-29 16:51,f_f012329
f012329_93395,127.5473882,37.341299,2023-08-29 16:52,f_f012329
f012329_93395,127.5473882,37.341299,2023-08-29 16:53,f_f012329
f012329_93395,127.5473882,37.341299,2023-08-29 16:54,f_f012329
f012329_93395,127.5473882,37.341299,2023-08-29 16:54,f_f012329
f012329_93395,127.5473882,37.341299,2023-08-29 16:55,f_f012329
f012329_93395,127.5473882,37.341299,2023-08-29 16:56,f_f012329
f012329_93395,127.5473882,37.341299,2023-08-29 16:57,f_f012329
f012329_93395,127.5473882,37.341299,2023-08-29 16:59,f_f012329
f012329_93395,127.5473882,37.341299,2023-08-29 17:00,f_f012329
f012329_93395,127.5473882,37.341299,2023-08-29 17:01,f_f012329
f012329_93395,127.5473882,37.341299,2023-08-29 17:02,f_f012329
f012329_93395,127.5473882,37.341299,2023-08-29 17:03,f_f012329
f012329_93395,127.5473882,37.341299,2023-08-29 17:04,f_f012329
f012329_93395,127.5473882,37.341299,2023-08-29 17:04,f_f012329
f012329_93395,127.5473882,37.341299,2023-08-29 17:06,f_f012329
f012329_93395,127.5473882,37.341299,2023-08-29 17:07,f_f012329
f012329_93395,127.5473882,37.341299,2023-08-29 17:08,f_f012329
f012329_93395,127.5473882,37.341299,2023-08-29 17:09,f_f012329
f012329_93395,127.5473882,37.341299,2023-08-29 17:10,f_f012329
f012329_93395,127.5473882,37.341299,2023-08-29 17:11,f_f012329
f012329_93395,127.5473882,37.341299,2023-08-29 17:12,f_f012329
f012329_93395,127.5473882,37.341299,2023-08-29 17:13,f_f012329
f012329_93395,127.5473882,37.341299,2023-08-29 17:14,f_f012329
f012329_93395,127.5473882,37.341299,2023-08-29 17:15,f_f012329
f012329_93395,127.5473882,37.341299,2023-08-29 17:16,f_f012329
f012329_93395,127.5473882,37.341299,2023-08-29 17:17,f_f012329
f012329_93395,127.5473882,37.341299,2023-08-29 17:18,f_f012329
f012329_93395,127.5473882,37.341299,2023-08-29 17:19,f_f012329
f012329_93395,127.5473882,37.341299,2023-08-29 17:20,f_f012329
f012329_93395,127.5473882,37.341299,2023-08-29 17:21,f_f012329
f012329_93395,127.5473882,37.341299,2023-08-29 17:22,f_f012329
f012329_93395,127.5473882,37.341299,2023-08-29 17:23,f_f012329
f012329_93395,127.5473882,37.341299,2023-08-29 17:24,f_f012329
f012329_93395,127.5473882,37.341299,2023-08-29 17:25,f_f012329
f012329_93395,127.5473882,37.341299,2023-08-29 17:26,f_f012329
f012329_93395,127.5473882,37.341299,2023-08-29 17:27,f_f012329
f012329_93395,127.5473882,37.341299,2023-08-29 17:28,f_f012329
f012329_93395,127.5473882,37.341299,2023-08-29 17:29,f_f012329
f012329_93395,127.5473882,37.341299,2023-08-29 17:30,f_f012329
f012329_93395,127.5473882,37.341299,2023-08-29 17:31,f_f012329
f012329_93395,127.5473882,37.341299,2023-08-29 17:32,f_f012329
f012329_93395,127.5473882,37.341299,2023-08-29 17:33,f_f012329
f012329_93395,127.5473882,37.341299,2023-08-29 17:34,f_f012329
f012329_93395,127.5473882,37.341299,2023-08-29 17:35,f_f012329
f012329_93395,127.5473882,37.341299,2023-08-29 17:36,f_f012329
f012329_93395,127.5473882,37.341299,2023-08-29 17:37,f_f012329
f012329_93395,127.5473882,37.341299,2023-08-29 17:38,f_f012329
f012329_93395,127.5473882,37.341299,2023-08-29 17:39,f_f012329
f012329_93395,127.5468617,37.3411946,2023-08-29 17:39,f_f012329
f012329_93395,127.5468617,37.3411946,2023-08-29 17:41,f_f012329
f012329_93395,127.5468617,37.3411946,2023-08-29 17:42,f_f012329
f012329_93395,127.5468617,37.3411946,2023-08-29 17:43,f_f012329
f012329_93395,127.5468617,37.3411946,2023-08-29 17:44,f_f012329
f012329_93395,127.5468617,37.3411946,2023-08-29 17:45,f_f012329
f012329_93395,127.5468617,37.3411946,2023-08-29 17:46,f_f012329
f012329_93395,127.5468617,37.3411946,2023-08-29 17:47,f_f012329
f012329_93395,127.5468617,37.3411946,2023-08-29 17:47,f_f012329
f012329_93395,127.5468617,37.3411946,2023-08-29 17:47,f_f012329
f012329_93395,127.5468617,37.3411946,2023-08-29 17:48,f_f012329
f012329_93395,127.5468617,37.3411946,2023-08-29 17:48,f_f012329
f012329_93395,127.5468617,37.3411946,2023-08-29 17:49,f_f012329
f012329_93395,127.5468617,37.3411946,2023-08-29 17:49,f_f012329
f012329_93395,127.5458673,37.3428902,2023-08-29 17:50,f_f012329
f012329_93395,127.5418268,37.3476193,2023-08-29 17:50,f_f012329
f012329_93395,127.5365731,37.3523376,2023-08-29 17:51,f_f012329
f012329_93395,127.531294,37.3568868,2023-08-29 17:51,f_f012329
f012329_93395,127.5279549,37.3626385,2023-08-29 17:52,f_f012329
f012329_93395,127.5269951,37.3688985,2023-08-29 17:52,f_f012329
f012329_93395,127.5262567,37.3755595,2023-08-29 17:53,f_f012329
f012329_93395,127.5247104,37.3822987,2023-08-29 17:53,f_f012329
f012329_93395,127.5228085,37.3883674,2023-08-29 17:53,f_f012329
f012329_93395,127.5211162,37.3943313,2023-08-29 17:54,f_f012329
f012329_93395,127.5185702,37.400283,2023-08-29 17:54,f_f012329
f012329_93395,127.5136821,37.4055169,2023-08-29 17:55,f_f012329
f012329_93395,127.5076591,37.4100563,2023-08-29 17:55,f_f012329
f012329_93395,127.5038002,37.4159554,2023-08-29 17:56,f_f012329
f012329_93395,127.5008685,37.4219251,2023-08-29 17:56,f_f012329
f012329_93395,127.496249,37.4270422,2023-08-29 17:57,f_f012329
f012329_93395,127.4894088,37.4319534,2023-08-29 17:57,f_f012329
f012329_93395,127.4847221,37.4364831,2023-08-29 17:58,f_f012329
f012329_93395,127.4802881,37.4411357,2023-08-29 17:58,f_f012329
f012329_93395,127.4770288,37.4458204,2023-08-29 17:58,f_f012329
f012329_93395,127.4757344,37.4505538,2023-08-29 17:59,f_f012329
f012329_93395,127.4749686,37.4613338,2023-08-29 18:00,f_f012329
f012329_93395,127.4721224,37.4673682,2023-08-29 18:00,f_f012329
f012329_93395,127.4709978,37.4739319,2023-08-29 18:01,f_f012329
f012329_93395,127.4679108,37.4801814,2023-08-29 18:01,f_f012329
f012329_93395,127.4632093,37.4854444,2023-08-29 18:02,f_f012329
f012329_93395,127.4584518,37.4907902,2023-08-29 18:02,f_f012329
f012329_93395,127.4539657,37.4962343,2023-08-29 18:03,f_f012329
f012329_93395,127.4526344,37.5027584,2023-08-29 18:03,f_f012329
f012329_93395,127.4521715,37.509224,2023-08-29 18:04,f_f012329
f012329_93395,127.4515271,37.5154168,2023-08-29 18:04,f_f012329
f012329_93395,127.4495597,37.5207614,2023-08-29 18:05,f_f012329
f012329_93395,127.44546,37.5210247,2023-08-29 18:05,f_f012329
f012329_93395,127.4410255,37.5177187,2023-08-29 18:05,f_f012329
f012329_93395,127.4361044,37.5145888,2023-08-29 18:06,f_f012329
f012329_93395,127.43043,37.5152317,2023-08-29 18:06,f_f012329
f012329_93395,127.4241936,37.5154443,2023-08-29 18:07,f_f012329
f012329_93395,127.4192671,37.5161642,2023-08-29 18:07,f_f012329
f012329_93395,127.4179462,37.515986,2023-08-29 18:08,f_f012329
f012329_93395,127.414953,37.515546,2023-08-29 18:08,f_f012329
f012329_93395,127.4097518,37.5153364,2023-08-29 18:09,f_f012329
f012329_93395,127.4051779,37.5135872,2023-08-29 18:09,f_f012329
f012329_93395,127.4018429,37.5120057,2023-08-29 18:10,f_f012329
f012329_93395,127.3978345,37.5101887,2023-08-29 18:10,f_f012329
f012329_93395,127.393454,37.508913,2023-08-29 18:10,f_f012329
f012329_93395,127.3891327,37.5073521,2023-08-29 18:11,f_f012329
f012329_93395,127.3852071,37.5088458,2023-08-29 18:11,f_f012329
f012329_93395,127.3818869,37.5114127,2023-08-29 18:12,f_f012329
f012329_93395,127.3799146,37.5143677,2023-08-29 18:12,f_f012329
f012329_93395,127.3780039,37.5169932,2023-08-29 18:13,f_f012329
f012329_93395,127.3757245,37.5201234,2023-08-29 18:13,f_f012329
f012329_93395,127.3746599,37.5215206,2023-08-29 18:14,f_f012329
f012329_93395,127.3724263,37.5240573,2023-08-29 18:14,f_f012329
f012329_93395,127.3694668,37.5276176,2023-08-29 18:15,f_f012329
f012329_93395,127.3671731,37.5308481,2023-08-29 18:15,f_f012329
f012329_93395,127.3635699,37.5326561,2023-08-29 18:16,f_f012329
f012329_93395,127.3593025,37.5349415,2023-08-29 18:16,f_f012329
f012329_93395,127.3544772,37.5368308,2023-08-29 18:16,f_f012329
f012329_93395,127.3489693,37.5374235,2023-08-29 18:17,f_f012329
f012329_93395,127.3432909,37.537349,2023-08-29 18:17,f_f012329
f012329_93395,127.3381264,37.5367684,2023-08-29 18:18,f_f012329
f012329_93395,127.3323848,37.5370208,2023-08-29 18:18,f_f012329
f012329_93395,127.326318,37.5377694,2023-08-29 18:19,f_f012329
f012329_93395,127.3195369,37.5374746,2023-08-29 18:19,f_f012329
f012329_93395,127.3126102,37.5355778,2023-08-29 18:20,f_f012329
f012329_93395,127.3055211,37.5336265,2023-08-29 18:20,f_f012329
f012329_93395,127.2989778,37.5318275,2023-08-29 18:21,f_f012329
f012329_93395,127.2935172,37.5305074,2023-08-29 18:21,f_f012329
f012329_93395,127.2873462,37.5303799,2023-08-29 18:21,f_f012329
f012329_93395,127.2816331,37.5303393,2023-08-29 18:22,f_f012329
f012329_93395,127.2755545,37.5313708,2023-08-29 18:22,f_f012329
f012329_93395,127.2717453,37.5326449,2023-08-29 18:23,f_f012329
f012329_93395,127.2652474,37.5358004,2023-08-29 18:23,f_f012329
f012329_93395,127.2605623,37.5382845,2023-08-29 18:24,f_f012329
f012329_93395,127.2566237,37.5405238,2023-08-29 18:24,f_f012329
f012329_93395,127.2516176,37.5425575,2023-08-29 18:25,f_f012329
f012329_93395,127.2468063,37.5446173,2023-08-29 18:25,f_f012329
f012329_93395,127.2423383,37.5468102,2023-08-29 18:26,f_f012329
f012329_93395,127.2423383,37.5468102,2023-08-29 18:26,f_f012329
f012329_93395,127.2399727,37.5479747,2023-08-29 18:26,f_f012329
f012329_93395,127.2374905,37.5459892,2023-08-29 18:27,f_f012329
f012329_93395,127.2346832,37.5439494,2023-08-29 18:27,f_f012329
f012329_93395,127.2306286,37.544728,2023-08-29 18:28,f_f012329
f012329_93395,127.2292031,37.5451863,2023-08-29 18:28,f_f012329
f012329_93395,127.228423,37.5454318,2023-08-29 18:29,f_f012329
f012329_93395,127.2275437,37.5457179,2023-08-29 18:29,f_f012329
f012329_93395,127.2265901,37.5460539,2023-08-29 18:30,f_f012329
f012329_93395,127.2253803,37.5465112,2023-08-29 18:30,f_f012329
f012329_93395,127.2239097,37.5470008,2023-08-29 18:31,f_f012329
f012329_93395,127.2218482,37.5476812,2023-08-29 18:31,f_f012329
f012329_93395,127.2194299,37.5484675,2023-08-29 18:32,f_f012329
f012329_93395,127.2170968,37.5494593,2023-08-29 18:32,f_f012329
f012329_93395,127.2148234,37.5507623,2023-08-29 18:32,f_f012329
f012329_93395,127.2148234,37.5507623,2023-08-29 18:33,f_f012329
f012329_93395,127.2148234,37.5507623,2023-08-29 18:33,f_f012329
f012329_93395,127.2144075,37.5507529,2023-08-29 18:34,f_f012329
f012329_93395,127.2122326,37.5485658,2023-08-29 18:34,f_f012329
f012329_93395,127.2113209,37.5490234,2023-08-29 18:35,f_f012329
f012329_93395,127.2090681,37.5503505,2023-08-29 18:35,f_f012329
f012329_93395,127.2054148,37.5516304,2023-08-29 18:36,f_f012329
f012329_93395,127.2026755,37.5524376,2023-08-29 18:36,f_f012329
f012329_93395,127.2026755,37.5524376,2023-08-29 18:37,f_f012329
f012329_93395,127.2026755,37.5524376,2023-08-29 18:37,f_f012329
f012329_93395,127.2026755,37.5524376,2023-08-29 18:38,f_f012329
f012329_93395,127.2026755,37.5524376,2023-08-29 18:38,f_f012329
f012329_93395,127.2026755,37.5524376,2023-08-29 18:38,f_f012329
f012329_93395,127.2026755,37.5524376,2023-08-29 18:39,f_f012329
f012329_93395,127.1999459,37.5521151,2023-08-29 18:39,f_f012329
f012329_93395,127.1999459,37.5521151,2023-08-29 18:40,f_f012329
f012329_93395,127.1999459,37.5521151,2023-08-29 18:40,f_f012329
f012329_93395,127.1999459,37.5521151,2023-08-29 18:41,f_f012329
f012329_93395,127.1999459,37.5521151,2023-08-29 18:43,f_f012329
f012329_93395,127.1999459,37.5521151,2023-08-29 18:44,f_f012329
f012329_93395,127.1999459,37.5521151,2023-08-29 18:45,f_f012329
f012329_93395,127.1999459,37.5521151,2023-08-29 18:46,f_f012329
f012329_93395,127.1999459,37.5521151,2023-08-29 18:47,f_f012329
f012329_93395,127.1999459,37.5521151,2023-08-29 18:48,f_f012329
f012329_93395,127.1999459,37.5521151,2023-08-29 18:49,f_f012329
f012329_93395,127.1999459,37.5521151,2023-08-29 18:50,f_f012329
f012329_93395,127.1999459,37.5521151,2023-08-29 18:51,f_f012329
f012329_93395,127.1999459,37.5521151,2023-08-29 18:52,f_f012329
f012329_93395,127.1999459,37.5521151,2023-08-29 18:53,f_f012329
f012329_93395,127.1999459,37.5521151,2023-08-29 18:54,f_f012329
f012329_93395,127.1999459,37.5521151,2023-08-29 18:55,f_f012329
f012329_93395,127.1999459,37.5521151,2023-08-29 18:56,f_f012329
f012329_93395,127.1999459,37.5521151,2023-08-29 18:57,f_f012329
f012329_93395,127.1999459,37.5521151,2023-08-29 18:57,f_f012329
f012329_93395,127.1999459,37.5521151,2023-08-29 18:58,f_f012329
f012329_93395,127.1999459,37.5521151,2023-08-29 18:59,f_f012329
f012329_93395,127.1999459,37.5521151,2023-08-29 19:00,f_f012329
f012329_93395,127.1999459,37.5521151,2023-08-29 19:01,f_f012329
f012329_93395,127.1999459,37.5521151,2023-08-29 19:02,f_f012329
f012329_93395,127.1999459,37.5521151,2023-08-29 19:03,f_f012329
f012329_93395,127.1999459,37.5521151,2023-08-29 19:04,f_f012329
f012329_93395,127.1999459,37.5521151,2023-08-29 19:05,f_f012329
f012329_93395,127.1999459,37.5521151,2023-08-29 19:06,f_f012329
f012329_93395,127.1999459,37.5521151,2023-08-29 19:07,f_f012329
f012329_93395,127.1999459,37.5521151,2023-08-29 19:08,f_f012329
f012329_93395,127.1999459,37.5521151,2023-08-29 19:09,f_f012329
f012329_93395,127.1999459,37.5521151,2023-08-29 19:10,f_f012329
f012329_93395,127.1999459,37.5521151,2023-08-29 19:10,f_f012329
f012329_93395,127.1999459,37.5521151,2023-08-29 19:10,f_f012329
f012329_93395,127.199556,37.5527354,2023-08-29 19:11,f_f012329
f012329_93395,127.199556,37.5527354,2023-08-29 19:11,f_f012329
f012329_93395,127.197897,37.5535274,2023-08-29 19:12,f_f012329
f012329_93395,127.197897,37.5535274,2023-08-29 19:12,f_f012329
f012329_93395,127.197897,37.5535274,2023-08-29 19:13,f_f012329
f012329_93395,127.1965732,37.5543425,2023-08-29 19:13,f_f012329
f012329_93395,127.1962784,37.5548422,2023-08-29 19:14,f_f012329
f012329_93395,127.1962784,37.5548422,2023-08-29 19:14,f_f012329
f012329_93395,127.1993167,37.5567359,2023-08-29 19:15,f_f012329
f012329_93395,127.2024194,37.5593624,2023-08-29 19:15,f_f012329
f012329_93395,127.2033382,37.5600977,2023-08-29 19:15,f_f012329
f012329_93395,127.2033382,37.5600977,2023-08-29 19:16,f_f012329
f012329_93395,127.2033382,37.5600977,2023-08-29 19:16,f_f012329
f012329_93395,127.2033382,37.5600977,2023-08-29 19:17,f_f012329
f012329_93395,127.2035464,37.5605264,2023-08-29 19:17,f_f012329
f012329_93395,127.2009588,37.5630183,2023-08-29 19:18,f_f012329
f012329_93395,127.198695,37.565996,2023-08-29 19:18,f_f012329
f012329_93395,127.1968865,37.5696614,2023-08-29 19:19,f_f012329
f012329_93395,127.1955891,37.5732992,2023-08-29 19:19,f_f012329
f012329_93395,127.1941222,37.5773443,2023-08-29 19:20,f_f012329
f012329_93395,127.1920551,37.580575,2023-08-29 19:20,f_f012329
f012329_93395,127.1874399,37.5809323,2023-08-29 19:21,f_f012329
f012329_93395,127.1833928,37.5798394,2023-08-29 19:21,f_f012329
f012329_93395,127.1797229,37.5789768,2023-08-29 19:21,f_f012329
f012329_93395,127.1770246,37.5783456,2023-08-29 19:22,f_f012329
f012329_93395,127.1738166,37.5774992,2023-08-29 19:22,f_f012329
f012329_93395,127.1719219,37.5768302,2023-08-29 19:23,f_f012329
f012329_93395,127.1688118,37.5754811,2023-08-29 19:23,f_f012329
f012329_93395,127.16774,37.575012,2023-08-29 19:24,f_f012329
f012329_93395,127.1662182,37.5743513,2023-08-29 19:24,f_f012329
f012329_93395,127.1647274,37.57436,2023-08-29 19:25,f_f012329
f012329_93395,127.1636397,37.5754557,2023-08-29 19:25,f_f012329
f012329_93395,127.162462,37.5768756,2023-08-29 19:26,f_f012329
f012329_93395,127.1613503,37.5781577,2023-08-29 19:26,f_f012329
f012329_93395,127.1603979,37.579312,2023-08-29 19:26,f_f012329
f012329_93395,127.1592983,37.5806413,2023-08-29 19:27,f_f012329
f012329_93395,127.15804,37.5821852,2023-08-29 19:27,f_f012329
f012329_93395,127.1568156,37.5844348,2023-08-29 19:28,f_f012329
f012329_93395,127.1565089,37.5870079,2023-08-29 19:28,f_f012329
f012329_93395,127.1569116,37.5897907,2023-08-29 19:29,f_f012329
f012329_93395,127.1569305,37.5933799,2023-08-29 19:29,f_f012329
f012329_93395,127.1562594,37.5972051,2023-08-29 19:30,f_f012329
f012329_93395,127.1539118,37.6011814,2023-08-29 19:30,f_f012329
f012329_93395,127.1502332,37.6045072,2023-08-29 19:31,f_f012329
f012329_93395,127.1463443,37.6077333,2023-08-29 19:31,f_f012329
f012329_93395,127.1430198,37.6115592,2023-08-29 19:32,f_f012329
f012329_93395,127.1416291,37.6160218,2023-08-29 19:32,f_f012329
f012329_93395,127.1406723,37.6198668,2023-08-29 19:32,f_f012329
f012329_93395,127.1398892,37.6232596,2023-08-29 19:33,f_f012329
f012329_93395,127.1390644,37.6269044,2023-08-29 19:33,f_f012329
f012329_93395,127.1370194,37.6304853,2023-08-29 19:34,f_f012329
f012329_93395,127.1345097,37.6341854,2023-08-29 19:34,f_f012329
f012329_93395,127.1338369,37.6383015,2023-08-29 19:35,f_f012329
f012329_93395,127.1347908,37.6413101,2023-08-29 19:35,f_f012329
f012329_93395,127.1398326,37.6414311,2023-08-29 19:36,f_f012329
f012329_93395,127.1456227,37.6402149,2023-08-29 19:36,f_f012329
f012329_93395,127.1514744,37.6395798,2023-08-29 19:37,f_f012329
f012329_93395,127.1562097,37.6427943,2023-08-29 19:37,f_f012329
f012329_93395,127.1601899,37.6465325,2023-08-29 19:37,f_f012329
f012329_93395,127.1618391,37.6509781,2023-08-29 19:38,f_f012329
f012329_93395,127.1599698,37.6554417,2023-08-29 19:38,f_f012329
f012329_93395,127.1569581,37.6595205,2023-08-29 19:39,f_f012329
f012329_93395,127.1539612,37.6635565,2023-08-29 19:39,f_f012329
f012329_93395,127.1536883,37.6680242,2023-08-29 19:40,f_f012329
f012329_93395,127.1531817,37.67283,2023-08-29 19:41,f_f012329
f012329_93395,127.1499064,37.6795316,2023-08-29 19:42,f_f012329
f012329_93395,127.139367,37.685652,2023-08-29 19:43,f_f012329
f012329_93395,127.1312246,37.6916091,2023-08-29 19:44,f_f012329
f012329_93395,127.1248024,37.6987608,2023-08-29 19:45,f_f012329
f012329_93395,127.1157125,37.7057746,2023-08-29 19:46,f_f012329
f012329_93395,127.1074968,37.7105858,2023-08-29 19:47,f_f012329
f012329_93395,127.1037725,37.7175993,2023-08-29 19:48,f_f012329
f012329_93395,127.1024359,37.7195468,2023-08-29 19:49,f_f012329
f012329_93395,127.098787,37.7227962,2023-08-29 19:50,f_f012329
f012329_93395,127.0904252,37.7283265,2023-08-29 19:51,f_f012329
f012329_93395,127.0891811,37.7317885,2023-08-29 19:52,f_f012329
f012329_93395,127.0960831,37.7374284,2023-08-29 19:53,f_f012329
f012329_93395,127.0960831,37.7374284,2023-08-29 19:54,f_f012329
f012329_93395,127.1000948,37.7412897,2023-08-29 19:54,f_f012329
f012329_93395,127.1000948,37.7412897,2023-08-29 19:55,f_f012329
f012329_93395,127.1014706,37.7429163,2023-08-29 19:55,f_f012329
f012329_93395,127.1020537,37.7436064,2023-08-29 19:56,f_f012329
f012329_93395,127.1020537,37.7436064,2023-08-29 19:56,f_f012329
f012329_93395,127.1020537,37.7436064,2023-08-29 19:57,f_f012329
f012329_93395,127.1020537,37.7436064,2023-08-29 19:57,f_f012329
f012329_93395,127.1020537,37.7436064,2023-08-29 19:57,f_f012329
f012329_93395,127.1020537,37.7436064,2023-08-29 19:58,f_f012329
f012329_93395,127.1020537,37.7436064,2023-08-29 19:58,f_f012329
f012329_93395,127.1020537,37.7436064,2023-08-29 19:59,f_f012329
f012329_93395,127.1020537,37.7436064,2023-08-29 19:59,f_f012329
f012329_93395,127.1020537,37.7436064,2023-08-29 20:01,f_f012329
f012329_93395,127.1020537,37.7436064,2023-08-29 20:01,f_f012329
f012329_93395,127.1020537,37.7436064,2023-08-29 20:02,f_f012329
f012329_93395,127.1009936,37.7451505,2023-08-29 20:03,f_f012329
f012329_93395,127.1080911,37.74752,2023-08-29 20:04,f_f012329
f012329_93395,127.1091186,37.7485375,2023-08-29 20:05,f_f012329
f012329_93395,127.1091186,37.7485375,2023-08-29 20:06,f_f012329
f012329_93395,127.1102463,37.7494506,2023-08-29 20:07,f_f012329
f012329_93395,127.1129174,37.7517773,2023-08-29 20:08,f_f012329
f012329_93395,127.1141899,37.7513211,2023-08-29 20:09,f_f012329
f012329_93395,127.1174575,37.7504277,2023-08-29 20:10,f_f012329
f012329_93395,127.1174575,37.7504277,2023-08-29 20:11,f_f012329
f012329_93395,127.1174575,37.7504277,2023-08-29 20:12,f_f012329
f012329_93395,127.1174575,37.7504277,2023-08-29 20:13,f_f012329
f012329_93395,127.1174575,37.7504277,2023-08-29 20:14,f_f012329
f012329_93395,127.1174575,37.7504277,2023-08-29 20:15,f_f012329
f012329_93395,127.1174575,37.7504277,2023-08-29 20:15,f_f012329
f012329_93395,127.1174575,37.7504277,2023-08-29 20:17,f_f012329
f012329_93395,127.1174575,37.7504277,2023-08-29 20:18,f_f012329
f012329_93395,127.1174575,37.7504277,2023-08-29 20:19,f_f012329
f012329_93395,127.1174575,37.7504277,2023-08-29 20:20,f_f012329
f012329_93395,127.1174575,37.7504277,2023-08-29 20:21,f_f012329
f012329_93395,127.1174575,37.7504277,2023-08-29 20:22,f_f012329
f012329_93395,127.1174575,37.7504277,2023-08-29 20:23,f_f012329
f012329_93395,127.1174575,37.7504277,2023-08-29 20:24,f_f012329
f012329_93395,127.1174575,37.7504277,2023-08-29 20:24,f_f012329
f012329_93395,127.1174575,37.7504277,2023-08-29 20:26,f_f012329
f012329_93395,127.1174575,37.7504277,2023-08-29 20:26,f_f012329
f012329_93395,127.1174575,37.7504277,2023-08-29 20:27,f_f012329
f012329_93395,127.1186143,37.7509719,2023-08-29 20:27,f_f012329
f012329_93395,127.1189748,37.7512055,2023-08-29 20:28,f_f012329
f012329_93395,127.1193291,37.7515296,2023-08-29 20:29,f_f012329
f012329_93395,127.1198579,37.7512886,2023-08-29 20:30,f_f012329
f012329_93395,127.118109,37.7504569,2023-08-29 20:31,f_f012329
f012329_93395,127.118109,37.7504569,2023-08-29 20:32,f_f012329
f012329_93395,127.1163104,37.7506475,2023-08-29 20:33,f_f012329
f012329_93395,127.1163104,37.7506475,2023-08-29 20:34,f_f012329
f012329_93395,127.1112693,37.7506572,2023-08-29 20:35,f_f012329
f012329_93395,127.1083174,37.7489524,2023-08-29 20:36,f_f012329
f012329_93395,127.0988304,37.7530476,2023-08-29 20:37,f_f012329
f012329_93395,127.0882028,37.7611103,2023-08-29 20:38,f_f012329
f012329_93395,127.0783179,37.7737273,2023-08-29 20:39,f_f012329
f012329_93395,127.0765782,37.7828499,2023-08-29 20:40,f_f012329
f012329_93395,127.0765782,37.7828499,2023-08-29 20:41,f_f012329
f012329_93395,127.0750548,37.80116,2023-08-29 20:41,f_f012329
f012329_93395,127.0752173,37.8054084,2023-08-29 20:42,f_f012329
f012329_93395,127.0731145,37.8159937,2023-08-29 20:43,f_f012329
f012329_93395,127.0733907,37.8265247,2023-08-29 20:44,f_f012329
f012329_93395,127.0808149,37.8366478,2023-08-29 20:45,f_f012329
f012329_93395,127.0808019,37.8470097,2023-08-29 20:46,f_f012329
f012329_93395,127.0808019,37.8470097,2023-08-29 20:47,f_f012329
f012329_93395,127.0605309,37.8670229,2023-08-29 20:48,f_f012329
f012329_93395,127.0572479,37.8742787,2023-08-29 20:49,f_f012329
f012329_93395,127.0518779,37.8804766,2023-08-29 20:50,f_f012329
f012329_93395,127.0483249,37.8878198,2023-08-29 20:51,f_f012329
f012329_93395,127.0481803,37.8925316,2023-08-29 20:52,f_f012329
f012329_93395,127.0481803,37.8925316,2023-08-29 20:53,f_f012329
f012329_93395,127.0513772,37.8924854,2023-08-29 20:54,f_f012329
f012329_93395,127.0517577,37.8924691,2023-08-29 20:54,f_f012329
f012329_93395,127.0517577,37.8924691,2023-08-29 20:55,f_f012329
f012329_93395,127.0523609,37.8931649,2023-08-29 20:55,f_f012329
f012329_93395,127.0546078,37.8933483,2023-08-29 20:56,f_f012329
f012329_93395,127.0546078,37.8933483,2023-08-29 20:57,f_f012329
f012329_93395,127.0546078,37.8933483,2023-08-29 20:57,f_f012329
f012329_93395,127.0555868,37.8983618,2023-08-29 20:58,f_f012329
f012329_93395,127.0579824,37.9002297,2023-08-29 20:59,f_f012329
f012329_93395,127.0579143,37.9015439,2023-08-29 21:00,f_f012329
f012329_93395,127.0592495,37.9028119,2023-08-29 21:01,f_f012329
f012329_93395,127.0592495,37.9028119,2023-08-29 21:02,f_f012329
f012329_93395,127.0592495,37.9028119,2023-08-29 21:03,f_f012329
f012329_93395,127.0592495,37.9028119,2023-08-29 21:04,f_f012329
f012329_93395,127.0592495,37.9028119,2023-08-29 21:05,f_f012329
f012329_93395,127.0592495,37.9028119,2023-08-29 21:06,f_f012329
f012329_93395,127.0592495,37.9028119,2023-08-29 21:06,f_f012329
f012329_93395,127.0592495,37.9028119,2023-08-29 21:07,f_f012329
f012329_93395,127.0592495,37.9028119,2023-08-29 21:08,f_f012329
f012329_93395,127.0592495,37.9028119,2023-08-29 21:09,f_f012329
f012329_93395,127.0592495,37.9028119,2023-08-29 21:11,f_f012329
f012329_93395,127.0592495,37.9028119,2023-08-29 21:12,f_f012329
f012329_93395,127.0592495,37.9028119,2023-08-29 21:13,f_f012329
f012329_93395,127.0592495,37.9028119,2023-08-29 21:13,f_f012329
f012329_93395,127.0592495,37.9028119,2023-08-29 21:14,f_f012329
f012329_93395,127.0592495,37.9028119,2023-08-29 21:15,f_f012329
f012329_93395,127.0592495,37.9028119,2023-08-29 21:16,f_f012329
f012329_93395,127.0592495,37.9028119,2023-08-29 21:17,f_f012329
f012329_93395,127.0592495,37.9028119,2023-08-29 21:18,f_f012329
f012329_93395,127.0592495,37.9028119,2023-08-29 21:19,f_f012329
f012329_93395,127.0592495,37.9028119,2023-08-29 21:20,f_f012329
f012329_93395,127.0592495,37.9028119,2023-08-29 21:21,f_f012329
f012329_93395,127.0592495,37.9028119,2023-08-29 21:22,f_f012329
f012329_93395,127.0592495,37.9028119,2023-08-29 21:23,f_f012329
f012329_93395,127.0592495,37.9028119,2023-08-29 21:24,f_f012329
f012329_93395,127.0592495,37.9028119,2023-08-29 21:25,f_f012329
f012329_93395,127.0592495,37.9028119,2023-08-29 21:26,f_f012329
f012329_93395,127.0592495,37.9028119,2023-08-29 21:27,f_f012329
f012329_93395,127.0592495,37.9028119,2023-08-29 21:28,f_f012329
f012329_93395,127.0592495,37.9028119,2023-08-29 21:29,f_f012329
f012329_93395,127.0592495,37.9028119,2023-08-29 21:30,f_f012329
f012329_93395,127.0592495,37.9028119,2023-08-29 21:31,f_f012329
f012329_93395,127.0592495,37.9028119,2023-08-29 21:32,f_f012329
f012329_93395,127.0592495,37.9028119,2023-08-29 21:33,f_f012329
f012329_93395,127.0592495,37.9028119,2023-08-29 21:34,f_f012329
f012329_93395,127.0592495,37.9028119,2023-08-29 21:35,f_f012329
f012329_93395,127.0592495,37.9028119,2023-08-29 21:36,f_f012329
f012329_93395,127.0592495,37.9028119,2023-08-29 21:37,f_f012329
f012329_93395,127.0592495,37.9028119,2023-08-29 21:38,f_f012329
f012329_93395,127.0592495,37.9028119,2023-08-29 21:39,f_f012329
f012329_93395,127.0592495,37.9028119,2023-08-29 21:40,f_f012329
f012329_93395,127.0592495,37.9028119,2023-08-29 21:41,f_f012329
f012329_93395,127.0592495,37.9028119,2023-08-29 21:42,f_f012329
f012329_93395,127.0592495,37.9028119,2023-08-29 21:43,f_f012329
f012329_93395,127.0592495,37.9028119,2023-08-29 21:44,f_f012329
f012329_93395,127.0592495,37.9028119,2023-08-29 21:45,f_f012329
f012329_93395,127.0592495,37.9028119,2023-08-29 21:46,f_f012329
f012329_93395,127.0592495,37.9028119,2023-08-29 21:47,f_f012329
f012329_93395,127.0592495,37.9028119,2023-08-29 21:48,f_f012329
f012329_93395,127.0592495,37.9028119,2023-08-29 21:49,f_f012329
f012329_93395,127.0592495,37.9028119,2023-08-29 21:50,f_f012329
f012329_93395,127.0592495,37.9028119,2023-08-29 21:51,f_f012329
f012329_93395,127.0592495,37.9028119,2023-08-29 21:52,f_f012329
f012329_93395,127.0592495,37.9028119,2023-08-29 21:53,f_f012329
f012329_93395,127.0592495,37.9028119,2023-08-29 21:54,f_f012329
f012329_93395,127.0592495,37.9028119,2023-08-29 21:55,f_f012329
f012329_93395,127.0592495,37.9028119,2023-08-29 21:56,f_f012329
f012329_93395,127.0592495,37.9028119,2023-08-29 21:57,f_f012329
f012329_93395,127.0592495,37.9028119,2023-08-29 21:58,f_f012329
f012329_93395,127.0592495,37.9028119,2023-08-29 21:59,f_f012329
f012329_93395,127.0592495,37.9028119,2023-08-29 22:00,f_f012329
f012329_93395,127.0592495,37.9028119,2023-08-29 22:01,f_f012329
f012329_93395,127.0592495,37.9028119,2023-08-29 22:02,f_f012329
f012329_93395,127.0592495,37.9028119,2023-08-29 22:03,f_f012329
f012329_93395,127.0592495,37.9028119,2023-08-29 22:04,f_f012329
f012329_93395,127.0592495,37.9028119,2023-08-29 22:05,f_f012329
f012329_93395,127.0592495,37.9028119,2023-08-29 22:06,f_f012329
f012329_93395,127.0592495,37.9028119,2023-08-29 22:07,f_f012329
f012329_93395,127.0592495,37.9028119,2023-08-29 22:08,f_f012329
f012329_93395,127.0592495,37.9028119,2023-08-29 22:09,f_f012329
f012329_93395,127.0592495,37.9028119,2023-08-29 22:10,f_f012329
f012329_93395,127.0592495,37.9028119,2023-08-29 22:11,f_f012329
f012329_93395,127.0592495,37.9028119,2023-08-29 22:12,f_f012329
f012329_93395,127.0592495,37.9028119,2023-08-29 22:13,f_f012329
f012329_93395,127.0592495,37.9028119,2023-08-29 22:14,f_f012329
f012329_93395,127.0592495,37.9028119,2023-08-29 22:15,f_f012329
f012329_93395,127.0592495,37.9028119,2023-08-29 22:16,f_f012329
f012329_93395,127.0592495,37.9028119,2023-08-29 22:17,f_f012329
f012329_93395,127.0592495,37.9028119,2023-08-29 22:17,f_f012329
f012329_93395,127.0592495,37.9028119,2023-08-29 22:18,f_f012329
f012329_93395,127.0592495,37.9028119,2023-08-29 22:18,f_f012329
f012329_93395,127.0592495,37.9028119,2023-08-29 22:19,f_f012329
f012329_93395,127.0592495,37.9028119,2023-08-29 22:19,f_f012329
f012329_93395,127.0592495,37.9028119,2023-08-29 22:19,f_f012329
f012329_93395,127.0592495,37.9028119,2023-08-29 22:20,f_f012329
f012329_93395,127.0592495,37.9028119,2023-08-29 22:20,f_f012329
f012329_93395,127.0592495,37.9028119,2023-08-29 22:21,f_f012329
f012329_93395,127.0592495,37.9028119,2023-08-29 22:22,f_f012329
f012329_93395,127.0592495,37.9028119,2023-08-29 22:23,f_f012329
f012329_93395,127.0592495,37.9028119,2023-08-29 22:24,f_f012329
f012329_93395,127.0592495,37.9028119,2023-08-29 22:25,f_f012329
f012329_93395,127.0592495,37.9028119,2023-08-29 22:26,f_f012329
f012329_93395,127.0592495,37.9028119,2023-08-29 22:27,f_f012329
f012329_93395,127.0592495,37.9028119,2023-08-29 22:28,f_f012329
f012329_93395,127.0592495,37.9028119,2023-08-29 22:29,f_f012329
f012329_93395,127.0592495,37.9028119,2023-08-29 22:30,f_f012329
f012329_93395,127.0592495,37.9028119,2023-08-29 22:31,f_f012329
f012329_93395,127.0592495,37.9028119,2023-08-29 22:32,f_f012329
f012329_93395,127.0592495,37.9028119,2023-08-29 22:33,f_f012329
f012329_93395,127.0592495,37.9028119,2023-08-29 22:34,f_f012329
f012329_93395,127.0592495,37.9028119,2023-08-29 22:35,f_f012329
f012329_93395,127.0592495,37.9028119,2023-08-29 22:36,f_f012329
f012329_93395,127.0592495,37.9028119,2023-08-29 22:37,f_f012329
f012329_93395,127.0592495,37.9028119,2023-08-29 22:38,f_f012329
f012329_93395,127.0592495,37.9028119,2023-08-29 22:39,f_f012329
f012329_93395,127.0592495,37.9028119,2023-08-29 22:40,f_f012329
f012329_93395,127.0592495,37.9028119,2023-08-29 22:41,f_f012329
f012329_93395,127.0592495,37.9028119,2023-08-29 22:42,f_f012329
f012329_93395,127.0592495,37.9028119,2023-08-29 22:43,f_f012329
f012329_93395,127.0592495,37.9028119,2023-08-29 22:44,f_f012329
f012329_93395,127.0592495,37.9028119,2023-08-29 22:45,f_f012329
f012329_93395,127.0592495,37.9028119,2023-08-29 22:48,f_f012329
f012329_93395,127.0595268,37.9034076,2023-08-29 22:50,f_f012329
f012329_93395,127.0595268,37.9034076,2023-08-29 22:51,f_f012329
f012329_93395,127.0595268,37.9034076,2023-08-29 22:52,f_f012329
f012329_93395,127.0595268,37.9034076,2023-08-29 22:53,f_f012329
f012329_93395,127.0595268,37.9034076,2023-08-29 22:54,f_f012329
f012329_93395,127.0595268,37.9034076,2023-08-29 22:55,f_f012329
f012329_93395,127.0595268,37.9034076,2023-08-29 22:56,f_f012329
f012329_93395,127.0595268,37.9034076,2023-08-29 22:57,f_f012329
f012329_93395,127.0595268,37.9034076,2023-08-29 22:58,f_f012329
f012329_93395,127.0595268,37.9034076,2023-08-29 22:59,f_f012329
f012329_93395,127.0595268,37.9034076,2023-08-29 23:00,f_f012329
f012329_93395,127.0595268,37.9034076,2023-08-29 23:01,f_f012329
f012329_93395,127.0595268,37.9034076,2023-08-29 23:02,f_f012329
f012329_93395,127.0595268,37.9034076,2023-08-29 23:03,f_f012329
f012329_93395,127.0595268,37.9034076,2023-08-29 23:04,f_f012329
f012329_93395,127.0595268,37.9034076,2023-08-29 23:05,f_f012329
f012329_93395,127.0595268,37.9034076,2023-08-29 23:06,f_f012329
f012329_93395,127.0595268,37.9034076,2023-08-29 23:07,f_f012329
f012329_93395,127.0595268,37.9034076,2023-08-29 23:08,f_f012329
f012329_93395,127.0595268,37.9034076,2023-08-29 23:09,f_f012329
f012329_93395,127.0595268,37.9034076,2023-08-29 23:09,f_f012329
f012329_93395,127.0595268,37.9034076,2023-08-29 23:10,f_f012329
f012329_93395,127.0595268,37.9034076,2023-08-29 23:10,f_f012329
f012329_93395,127.0595268,37.9034076,2023-08-29 23:12,f_f012329
f012329_93395,127.0595268,37.9034076,2023-08-29 23:13,f_f012329
f012329_93395,127.0595268,37.9034076,2023-08-29 23:14,f_f012329
f012329_93395,127.0595268,37.9034076,2023-08-29 23:15,f_f012329
f012329_93395,127.0595268,37.9034076,2023-08-29 23:16,f_f012329
f012329_93395,127.0595268,37.9034076,2023-08-29 23:17,f_f012329
f012329_93395,127.0595268,37.9034076,2023-08-29 23:18,f_f012329
f012329_93395,127.0595268,37.9034076,2023-08-29 23:19,f_f012329
f012329_93395,127.0595268,37.9034076,2023-08-29 23:20,f_f012329
f012329_93395,127.0595268,37.9034076,2023-08-29 23:20,f_f012329
f012329_93395,127.0595268,37.9034076,2023-08-29 23:21,f_f012329
f012329_93395,127.0595268,37.9034076,2023-08-29 23:22,f_f012329
f012329_93395,127.0595268,37.9034076,2023-08-29 23:23,f_f012329
f012329_93395,127.0595268,37.9034076,2023-08-29 23:24,f_f012329
f012329_93395,127.0595268,37.9034076,2023-08-29 23:25,f_f012329
f012329_93395,127.0595268,37.9034076,2023-08-29 23:26,f_f012329
f012329_93395,127.0595268,37.9034076,2023-08-29 23:27,f_f012329
f012329_93395,127.0595268,37.9034076,2023-08-29 23:28,f_f012329
f012329_93395,127.0595268,37.9034076,2023-08-29 23:29,f_f012329
f012329_93395,127.0595268,37.9034076,2023-08-29 23:30,f_f012329
f012329_93395,127.0595268,37.9034076,2023-08-29 23:31,f_f012329
f012329_93395,127.0595268,37.9034076,2023-08-29 23:32,f_f012329
f012329_93395,127.0595268,37.9034076,2023-08-29 23:33,f_f012329
f012329_93395,127.0595268,37.9034076,2023-08-29 23:34,f_f012329
f012329_93395,127.0595268,37.9034076,2023-08-29 23:35,f_f012329
f012329_93395,127.0595268,37.9034076,2023-08-29 23:36,f_f012329
f012329_93395,127.0595268,37.9034076,2023-08-29 23:37,f_f012329
f012329_93395,127.0595268,37.9034076,2023-08-29 23:38,f_f012329
f012329_93395,127.0595268,37.9034076,2023-08-29 23:39,f_f012329
f012329_93395,127.0595268,37.9034076,2023-08-29 23:40,f_f012329
f012329_93395,127.0595268,37.9034076,2023-08-29 23:41,f_f012329
f012329_93395,127.0595268,37.9034076,2023-08-29 23:43,f_f012329
f012329_93395,127.0595268,37.9034076,2023-08-29 23:43,f_f012329
f012329_93395,127.0595268,37.9034076,2023-08-29 23:44,f_f012329
f012329_93395,127.0595268,37.9034076,2023-08-29 23:44,f_f012329
f012329_93395,127.0595268,37.9034076,2023-08-29 23:46,f_f012329
f012329_93395,127.0595268,37.9034076,2023-08-29 23:47,f_f012329
f012329_93395,127.0595268,37.9034076,2023-08-29 23:48,f_f012329
f012329_93395,127.0595268,37.9034076,2023-08-29 23:49,f_f012329
f012329_93395,127.0595268,37.9034076,2023-08-29 23:50,f_f012329
f012329_93395,127.0595268,37.9034076,2023-08-29 23:51,f_f012329
f012329_93395,127.0595268,37.9034076,2023-08-29 23:52,f_f012329
f012329_93395,127.0595268,37.9034076,2023-08-29 23:53,f_f012329
f012329_93395,127.0595268,37.9034076,2023-08-29 23:54,f_f012329
f012329_93395,127.0595268,37.9034076,2023-08-29 23:55,f_f012329
f012329_93395,127.0595268,37.9034076,2023-08-29 23:56,f_f012329
f012329_93395,127.0595268,37.9034076,2023-08-29 23:57,f_f012329
f012329_93395,127.0595268,37.9034076,2023-08-29 23:58,f_f012329
f012329_93395,127.0595268,37.9034076,2023-08-29 23:59,f_f012329
