MOBILE_NUM_ID,X_COORD,Y_COORD,DT_MIN,TRAVEL_ID
f006836_77232,126.7029672,37.6283782,2023-08-19 05:32,f_f006836
f006836_77232,126.7029672,37.6283782,2023-08-19 05:33,f_f006836
f006836_77232,126.7029672,37.6283782,2023-08-19 05:34,f_f006836
f006836_77232,126.7029672,37.6283782,2023-08-19 05:35,f_f006836
f006836_77232,126.7029672,37.6283782,2023-08-19 05:36,f_f006836
f006836_77232,126.7029672,37.6283782,2023-08-19 05:37,f_f006836
f006836_77232,126.7029672,37.6283782,2023-08-19 05:38,f_f006836
f006836_77232,126.7029672,37.6283782,2023-08-19 05:39,f_f006836
f006836_77232,126.7029672,37.6283782,2023-08-19 05:40,f_f006836
f006836_77232,126.7029672,37.6283782,2023-08-19 05:41,f_f006836
f006836_77232,126.7725395,37.5990137,2023-08-19 05:42,f_f006836
f006836_77232,126.7725395,37.5990137,2023-08-19 05:43,f_f006836
f006836_77232,126.7725395,37.5990137,2023-08-19 05:44,f_f006836
f006836_77232,126.7725395,37.5990137,2023-08-19 05:44,f_f006836
f006836_77232,126.7725395,37.5990137,2023-08-19 05:45,f_f006836
f006836_77232,126.7725395,37.5990137,2023-08-19 05:46,f_f006836
f006836_77232,126.7725395,37.5990137,2023-08-19 05:47,f_f006836
f006836_77232,126.7725395,37.5990137,2023-08-19 05:48,f_f006836
f006836_77232,126.7725395,37.5990137,2023-08-19 05:49,f_f006836
f006836_77232,126.7747113,37.5967217,2023-08-19 05:50,f_f006836
f006836_77232,126.7875475,37.6051142,2023-08-19 05:51,f_f006836
f006836_77232,126.7875475,37.6051142,2023-08-19 05:52,f_f006836
f006836_77232,126.8044788,37.6292376,2023-08-19 05:53,f_f006836
f006836_77232,126.8079164,37.6464113,2023-08-19 05:54,f_f006836
f006836_77232,126.8235154,37.6621869,2023-08-19 05:55,f_f006836
f006836_77232,126.8235154,37.6621869,2023-08-19 05:56,f_f006836
f006836_77232,126.8585214,37.6671579,2023-08-19 05:57,f_f006836
f006836_77232,126.8927888,37.6739627,2023-08-19 05:58,f_f006836
f006836_77232,126.8971134,37.6732147,2023-08-19 05:59,f_f006836
f006836_77232,126.8971134,37.6732147,2023-08-19 05:59,f_f006836
f006836_77232,126.918538,37.6799062,2023-08-19 06:00,f_f006836
f006836_77232,126.9344572,37.6867702,2023-08-19 06:01,f_f006836
f006836_77232,126.9449627,37.694743,2023-08-19 06:02,f_f006836
f006836_77232,126.9449627,37.694743,2023-08-19 06:03,f_f006836
f006836_77232,126.9705084,37.7101494,2023-08-19 06:04,f_f006836
f006836_77232,126.9690508,37.7147832,2023-08-19 06:05,f_f006836
f006836_77232,126.9690508,37.7147832,2023-08-19 06:06,f_f006836
f006836_77232,127.0367334,37.7122055,2023-08-19 06:07,f_f006836
f006836_77232,127.0367334,37.7122055,2023-08-19 06:08,f_f006836
f006836_77232,127.0432206,37.7337684,2023-08-19 06:09,f_f006836
f006836_77232,127.0432206,37.7337684,2023-08-19 06:10,f_f006836
f006836_77232,127.0432206,37.7337684,2023-08-19 06:11,f_f006836
f006836_77232,127.109951,37.6684362,2023-08-19 06:12,f_f006836
f006836_77232,127.109951,37.6684362,2023-08-19 06:12,f_f006836
f006836_77232,127.1212888,37.6532232,2023-08-19 06:13,f_f006836
f006836_77232,127.1317204,37.6408926,2023-08-19 06:14,f_f006836
f006836_77232,127.1397134,37.6413627,2023-08-19 06:15,f_f006836
f006836_77232,127.1397134,37.6413627,2023-08-19 06:16,f_f006836
f006836_77232,127.1592431,37.6446542,2023-08-19 06:17,f_f006836
f006836_77232,127.1707399,37.6485852,2023-08-19 06:18,f_f006836
f006836_77232,127.1846607,37.6465042,2023-08-19 06:19,f_f006836
f006836_77232,127.1846607,37.6465042,2023-08-19 06:20,f_f006836
f006836_77232,127.2008777,37.6507893,2023-08-19 06:21,f_f006836
f006836_77232,127.2167037,37.6492286,2023-08-19 06:22,f_f006836
f006836_77232,127.2284903,37.6536025,2023-08-19 06:23,f_f006836
f006836_77232,127.2385179,37.6613349,2023-08-19 06:24,f_f006836
f006836_77232,127.2420373,37.663952,2023-08-19 06:25,f_f006836
f006836_77232,127.2579624,37.6589354,2023-08-19 06:26,f_f006836
f006836_77232,127.2579624,37.6589354,2023-08-19 06:27,f_f006836
f006836_77232,127.2772916,37.6486648,2023-08-19 06:28,f_f006836
f006836_77232,127.281134,37.6477549,2023-08-19 06:29,f_f006836
f006836_77232,127.2850029,37.6471056,2023-08-19 06:30,f_f006836
f006836_77232,127.2851369,37.6467346,2023-08-19 06:31,f_f006836
f006836_77232,127.2851369,37.6467346,2023-08-19 06:32,f_f006836
f006836_77232,127.2885411,37.6455259,2023-08-19 06:33,f_f006836
f006836_77232,127.2907906,37.6445395,2023-08-19 06:34,f_f006836
f006836_77232,127.2940195,37.6429919,2023-08-19 06:35,f_f006836
f006836_77232,127.2940195,37.6429919,2023-08-19 06:35,f_f006836
f006836_77232,127.2977742,37.6418721,2023-08-19 06:36,f_f006836
f006836_77232,127.3094038,37.637255,2023-08-19 06:37,f_f006836
f006836_77232,127.3094038,37.637255,2023-08-19 06:38,f_f006836
f006836_77232,127.3094038,37.637255,2023-08-19 06:39,f_f006836
f006836_77232,127.3094038,37.637255,2023-08-19 06:40,f_f006836
f006836_77232,127.3094038,37.637255,2023-08-19 06:41,f_f006836
f006836_77232,127.3121654,37.633259,2023-08-19 06:43,f_f006836
f006836_77232,127.3121654,37.633259,2023-08-19 06:44,f_f006836
f006836_77232,127.3141139,37.6318562,2023-08-19 06:45,f_f006836
f006836_77232,127.3195436,37.6309416,2023-08-19 06:46,f_f006836
f006836_77232,127.3252792,37.6326448,2023-08-19 06:46,f_f006836
f006836_77232,127.3287245,37.633949,2023-08-19 06:46,f_f006836
f006836_77232,127.3325362,37.6348522,2023-08-19 06:47,f_f006836
f006836_77232,127.3353051,37.6349184,2023-08-19 06:47,f_f006836
f006836_77232,127.3353051,37.6349184,2023-08-19 06:48,f_f006836
f006836_77232,127.3417527,37.6346282,2023-08-19 06:49,f_f006836
f006836_77232,127.3417527,37.6346282,2023-08-19 06:50,f_f006836
f006836_77232,127.3513617,37.6344025,2023-08-19 06:51,f_f006836
f006836_77232,127.3658653,37.6340677,2023-08-19 06:52,f_f006836
f006836_77232,127.3904499,37.6336457,2023-08-19 06:54,f_f006836
f006836_77232,127.3994005,37.6356267,2023-08-19 06:55,f_f006836
f006836_77232,127.4074345,37.6397847,2023-08-19 06:57,f_f006836
f006836_77232,127.4128617,37.642565,2023-08-19 06:58,f_f006836
f006836_77232,127.4157435,37.6437737,2023-08-19 06:58,f_f006836
f006836_77232,127.4196239,37.6454148,2023-08-19 06:59,f_f006836
f006836_77232,127.4239051,37.6475308,2023-08-19 06:59,f_f006836
f006836_77232,127.4303402,37.6494915,2023-08-19 07:00,f_f006836
f006836_77232,127.4321091,37.6494817,2023-08-19 07:01,f_f006836
f006836_77232,127.4513093,37.6485628,2023-08-19 07:02,f_f006836
f006836_77232,127.4513093,37.6485628,2023-08-19 07:03,f_f006836
f006836_77232,127.4782027,37.6508759,2023-08-19 07:04,f_f006836
f006836_77232,127.4932307,37.6634066,2023-08-19 07:04,f_f006836
f006836_77232,127.493311,37.6665706,2023-08-19 07:06,f_f006836
f006836_77232,127.5089664,37.6762645,2023-08-19 07:07,f_f006836
f006836_77232,127.5301075,37.6827261,2023-08-19 07:07,f_f006836
f006836_77232,127.5301075,37.6827261,2023-08-19 07:09,f_f006836
f006836_77232,127.5433508,37.6963498,2023-08-19 07:10,f_f006836
f006836_77232,127.5433508,37.6963498,2023-08-19 07:11,f_f006836
f006836_77232,127.5433508,37.6963498,2023-08-19 07:12,f_f006836
f006836_77232,127.5727518,37.7190055,2023-08-19 07:13,f_f006836
f006836_77232,127.6165147,37.7317637,2023-08-19 07:15,f_f006836
f006836_77232,127.6492726,37.7401986,2023-08-19 07:17,f_f006836
f006836_77232,127.6798222,37.742372,2023-08-19 07:18,f_f006836
f006836_77232,127.7084135,37.7494032,2023-08-19 07:20,f_f006836
f006836_77232,127.7316272,37.7547889,2023-08-19 07:21,f_f006836
f006836_77232,127.7353331,37.7555643,2023-08-19 07:22,f_f006836
f006836_77232,127.7357888,37.755175,2023-08-19 07:22,f_f006836
f006836_77232,127.7357888,37.755175,2023-08-19 07:23,f_f006836
f006836_77232,127.7357888,37.755175,2023-08-19 07:23,f_f006836
f006836_77232,127.7357888,37.755175,2023-08-19 07:24,f_f006836
f006836_77232,127.7357888,37.755175,2023-08-19 07:25,f_f006836
f006836_77232,127.7357888,37.755175,2023-08-19 07:25,f_f006836
f006836_77232,127.7357888,37.755175,2023-08-19 07:26,f_f006836
f006836_77232,127.7357888,37.755175,2023-08-19 07:27,f_f006836
f006836_77232,127.7357888,37.755175,2023-08-19 07:28,f_f006836
f006836_77232,127.7754994,37.7589559,2023-08-19 07:29,f_f006836
f006836_77232,127.7754994,37.7589559,2023-08-19 07:30,f_f006836
f006836_77232,127.7799971,37.7580817,2023-08-19 07:30,f_f006836
f006836_77232,127.7799971,37.7580817,2023-08-19 07:32,f_f006836
f006836_77232,127.7825539,37.7574804,2023-08-19 07:33,f_f006836
f006836_77232,127.7920457,37.755485,2023-08-19 07:34,f_f006836
f006836_77232,127.7942761,37.7553949,2023-08-19 07:34,f_f006836
f006836_77232,127.7966736,37.7555461,2023-08-19 07:35,f_f006836
f006836_77232,127.8001032,37.7560622,2023-08-19 07:35,f_f006836
f006836_77232,127.8022859,37.756446,2023-08-19 07:36,f_f006836
f006836_77232,127.8030932,37.7565593,2023-08-19 07:37,f_f006836
f006836_77232,127.8136776,37.7567537,2023-08-19 07:38,f_f006836
f006836_77232,127.8344815,37.7583796,2023-08-19 07:39,f_f006836
f006836_77232,127.8454421,37.759457,2023-08-19 07:39,f_f006836
f006836_77232,127.8620079,37.7597343,2023-08-19 07:41,f_f006836
f006836_77232,127.8769384,37.7586505,2023-08-19 07:41,f_f006836
f006836_77232,127.8769384,37.7586505,2023-08-19 07:42,f_f006836
f006836_77232,127.8944683,37.7522018,2023-08-19 07:42,f_f006836
f006836_77232,127.91388,37.7495173,2023-08-19 07:44,f_f006836
f006836_77232,127.9394772,37.7502286,2023-08-19 07:45,f_f006836
f006836_77232,127.955358,37.7576324,2023-08-19 07:46,f_f006836
f006836_77232,127.9651653,37.758626,2023-08-19 07:47,f_f006836
f006836_77232,127.9734246,37.7580024,2023-08-19 07:47,f_f006836
f006836_77232,127.9807093,37.7589286,2023-08-19 07:48,f_f006836
f006836_77232,127.9905603,37.7616574,2023-08-19 07:48,f_f006836
f006836_77232,127.9909086,37.7615983,2023-08-19 07:49,f_f006836
f006836_77232,128.0136332,37.7576982,2023-08-19 07:49,f_f006836
f006836_77232,128.0408261,37.7549955,2023-08-19 07:51,f_f006836
f006836_77232,128.0491234,37.7539814,2023-08-19 07:51,f_f006836
f006836_77232,128.0491234,37.7539814,2023-08-19 07:52,f_f006836
f006836_77232,128.0491234,37.7539814,2023-08-19 07:53,f_f006836
f006836_77232,128.0874404,37.7709594,2023-08-19 07:54,f_f006836
f006836_77232,128.0874404,37.7709594,2023-08-19 07:55,f_f006836
f006836_77232,128.1171972,37.7874768,2023-08-19 07:56,f_f006836
f006836_77232,128.1356328,37.7884069,2023-08-19 07:57,f_f006836
f006836_77232,128.1643995,37.7969676,2023-08-19 07:58,f_f006836
f006836_77232,128.172992,37.7969753,2023-08-19 07:58,f_f006836
f006836_77232,128.1767074,37.7970513,2023-08-19 08:00,f_f006836
f006836_77232,128.2138977,37.8142522,2023-08-19 08:01,f_f006836
f006836_77232,128.2199153,37.8235281,2023-08-19 08:02,f_f006836
f006836_77232,128.2199153,37.8235281,2023-08-19 08:03,f_f006836
f006836_77232,128.2329618,37.8405305,2023-08-19 08:04,f_f006836
f006836_77232,128.2446731,37.8672713,2023-08-19 08:05,f_f006836
f006836_77232,128.2537996,37.8828907,2023-08-19 08:06,f_f006836
f006836_77232,128.2554269,37.88425,2023-08-19 08:07,f_f006836
f006836_77232,128.2554269,37.88425,2023-08-19 08:08,f_f006836
f006836_77232,128.2554269,37.88425,2023-08-19 08:09,f_f006836
f006836_77232,128.2554269,37.88425,2023-08-19 08:09,f_f006836
f006836_77232,128.2554269,37.88425,2023-08-19 08:10,f_f006836
f006836_77232,128.2554269,37.88425,2023-08-19 08:11,f_f006836
f006836_77232,128.2554269,37.88425,2023-08-19 08:12,f_f006836
f006836_77232,128.2554269,37.88425,2023-08-19 08:13,f_f006836
f006836_77232,128.2554269,37.88425,2023-08-19 08:13,f_f006836
f006836_77232,128.2554269,37.88425,2023-08-19 08:14,f_f006836
f006836_77232,128.2554269,37.88425,2023-08-19 08:15,f_f006836
f006836_77232,128.2554269,37.88425,2023-08-19 08:17,f_f006836
f006836_77232,128.2554269,37.88425,2023-08-19 08:18,f_f006836
f006836_77232,128.2554269,37.88425,2023-08-19 08:19,f_f006836
f006836_77232,128.2866811,37.9118997,2023-08-19 08:20,f_f006836
f006836_77232,128.2867954,37.9131672,2023-08-19 08:20,f_f006836
f006836_77232,128.292299,37.915315,2023-08-19 08:21,f_f006836
f006836_77232,128.2954272,37.9163646,2023-08-19 08:22,f_f006836
f006836_77232,128.3150903,37.9335504,2023-08-19 08:23,f_f006836
f006836_77232,128.3283268,37.9390536,2023-08-19 08:24,f_f006836
f006836_77232,128.3404469,37.9419894,2023-08-19 08:25,f_f006836
f006836_77232,128.3532861,37.9452903,2023-08-19 08:26,f_f006836
f006836_77232,128.3616073,37.9479215,2023-08-19 08:27,f_f006836
f006836_77232,128.3616073,37.9479215,2023-08-19 08:28,f_f006836
f006836_77232,128.3616073,37.9479215,2023-08-19 08:29,f_f006836
f006836_77232,128.3616073,37.9479215,2023-08-19 08:30,f_f006836
f006836_77232,128.3616073,37.9479215,2023-08-19 08:31,f_f006836
f006836_77232,128.3616073,37.9479215,2023-08-19 08:32,f_f006836
f006836_77232,128.5222696,37.9819704,2023-08-19 08:33,f_f006836
f006836_77232,128.522598,37.9824097,2023-08-19 08:34,f_f006836
f006836_77232,128.5237669,37.982655,2023-08-19 08:36,f_f006836
f006836_77232,128.5379251,38.0030669,2023-08-19 08:38,f_f006836
f006836_77232,128.5574811,38.0284671,2023-08-19 08:40,f_f006836
f006836_77232,128.5921177,38.0589209,2023-08-19 08:43,f_f006836
f006836_77232,128.5971488,38.0635407,2023-08-19 08:43,f_f006836
f006836_77232,128.6020998,38.0670768,2023-08-19 08:44,f_f006836
f006836_77232,128.5966405,38.0697602,2023-08-19 08:44,f_f006836
f006836_77232,128.5909144,38.0741491,2023-08-19 08:45,f_f006836
f006836_77232,128.5871065,38.0798837,2023-08-19 08:45,f_f006836
f006836_77232,128.5856432,38.0824158,2023-08-19 08:46,f_f006836
f006836_77232,128.5834753,38.1077934,2023-08-19 08:47,f_f006836
f006836_77232,128.5834753,38.1077934,2023-08-19 08:48,f_f006836
f006836_77232,128.5803135,38.133048,2023-08-19 08:49,f_f006836
f006836_77232,128.5822085,38.1525539,2023-08-19 08:50,f_f006836
f006836_77232,128.5869027,38.1578114,2023-08-19 08:51,f_f006836
f006836_77232,128.5634035,38.1791594,2023-08-19 08:52,f_f006836
f006836_77232,128.5624314,38.180068,2023-08-19 08:53,f_f006836
f006836_77232,128.5624314,38.180068,2023-08-19 08:54,f_f006836
f006836_77232,128.5624314,38.180068,2023-08-19 08:54,f_f006836
f006836_77232,128.5624314,38.180068,2023-08-19 08:55,f_f006836
f006836_77232,128.5624314,38.180068,2023-08-19 08:55,f_f006836
f006836_77232,128.5624314,38.180068,2023-08-19 08:56,f_f006836
f006836_77232,128.5624314,38.180068,2023-08-19 08:56,f_f006836
f006836_77232,128.5624314,38.180068,2023-08-19 08:57,f_f006836
f006836_77232,128.5624314,38.180068,2023-08-19 08:57,f_f006836
f006836_77232,128.5624314,38.180068,2023-08-19 08:58,f_f006836
f006836_77232,128.5624314,38.180068,2023-08-19 08:59,f_f006836
f006836_77232,128.5624314,38.180068,2023-08-19 08:59,f_f006836
f006836_77232,128.5624314,38.180068,2023-08-19 09:00,f_f006836
f006836_77232,128.5624314,38.180068,2023-08-19 09:01,f_f006836
f006836_77232,128.5624314,38.180068,2023-08-19 09:02,f_f006836
f006836_77232,128.5650215,38.2041205,2023-08-19 09:03,f_f006836
f006836_77232,128.5642596,38.2154297,2023-08-19 09:04,f_f006836
f006836_77232,128.5642596,38.2154297,2023-08-19 09:04,f_f006836
f006836_77232,128.5715423,38.2386662,2023-08-19 09:06,f_f006836
f006836_77232,128.5671731,38.2483219,2023-08-19 09:07,f_f006836
f006836_77232,128.5563662,38.2562813,2023-08-19 09:08,f_f006836
f006836_77232,128.5558156,38.2618299,2023-08-19 09:08,f_f006836
f006836_77232,128.5555153,38.2655342,2023-08-19 09:09,f_f006836
f006836_77232,128.554755,38.2669003,2023-08-19 09:09,f_f006836
f006836_77232,128.554755,38.2669003,2023-08-19 09:10,f_f006836
f006836_77232,128.554755,38.2669003,2023-08-19 09:10,f_f006836
f006836_77232,128.554755,38.2669003,2023-08-19 09:11,f_f006836
f006836_77232,128.554755,38.2669003,2023-08-19 09:12,f_f006836
f006836_77232,128.554755,38.2669003,2023-08-19 09:13,f_f006836
f006836_77232,128.554755,38.2669003,2023-08-19 09:14,f_f006836
f006836_77232,128.554755,38.2669003,2023-08-19 09:15,f_f006836
f006836_77232,128.554755,38.2669003,2023-08-19 09:16,f_f006836
f006836_77232,128.554755,38.2669003,2023-08-19 09:16,f_f006836
f006836_77232,128.554755,38.2669003,2023-08-19 09:17,f_f006836
f006836_77232,128.554755,38.2669003,2023-08-19 09:18,f_f006836
f006836_77232,128.554755,38.2669003,2023-08-19 09:19,f_f006836
f006836_77232,128.554755,38.2669003,2023-08-19 09:20,f_f006836
f006836_77232,128.554755,38.2669003,2023-08-19 09:21,f_f006836
f006836_77232,128.554755,38.2669003,2023-08-19 09:22,f_f006836
f006836_77232,128.554755,38.2669003,2023-08-19 09:22,f_f006836
f006836_77232,128.554755,38.2669003,2023-08-19 09:23,f_f006836
f006836_77232,128.554755,38.2669003,2023-08-19 09:24,f_f006836
f006836_77232,128.554755,38.2669003,2023-08-19 09:24,f_f006836
f006836_77232,128.554755,38.2669003,2023-08-19 09:26,f_f006836
f006836_77232,128.554755,38.2669003,2023-08-19 09:26,f_f006836
f006836_77232,128.554755,38.2669003,2023-08-19 09:27,f_f006836
f006836_77232,128.554755,38.2669003,2023-08-19 09:27,f_f006836
f006836_77232,128.554755,38.2669003,2023-08-19 09:28,f_f006836
f006836_77232,128.554755,38.2669003,2023-08-19 09:28,f_f006836
f006836_77232,128.554755,38.2669003,2023-08-19 09:29,f_f006836
f006836_77232,128.554755,38.2669003,2023-08-19 09:30,f_f006836
f006836_77232,128.554755,38.2669003,2023-08-19 09:31,f_f006836
f006836_77232,128.554755,38.2669003,2023-08-19 09:32,f_f006836
f006836_77232,128.554755,38.2669003,2023-08-19 09:32,f_f006836
f006836_77232,128.554755,38.2669003,2023-08-19 09:33,f_f006836
f006836_77232,128.554755,38.2669003,2023-08-19 09:33,f_f006836
f006836_77232,128.554755,38.2669003,2023-08-19 09:34,f_f006836
f006836_77232,128.554755,38.2669003,2023-08-19 09:35,f_f006836
f006836_77232,128.554755,38.2669003,2023-08-19 09:36,f_f006836
f006836_77232,128.554755,38.2669003,2023-08-19 09:37,f_f006836
f006836_77232,128.554755,38.2669003,2023-08-19 09:38,f_f006836
f006836_77232,128.554755,38.2669003,2023-08-19 09:39,f_f006836
f006836_77232,128.554755,38.2669003,2023-08-19 09:40,f_f006836
f006836_77232,128.554755,38.2669003,2023-08-19 09:41,f_f006836
f006836_77232,128.554755,38.2669003,2023-08-19 09:42,f_f006836
f006836_77232,128.554755,38.2669003,2023-08-19 09:43,f_f006836
f006836_77232,128.554755,38.2669003,2023-08-19 09:43,f_f006836
f006836_77232,128.554755,38.2669003,2023-08-19 09:44,f_f006836
f006836_77232,128.554755,38.2669003,2023-08-19 09:45,f_f006836
f006836_77232,128.554755,38.2669003,2023-08-19 09:46,f_f006836
f006836_77232,128.554755,38.2669003,2023-08-19 09:47,f_f006836
f006836_77232,128.554755,38.2669003,2023-08-19 09:48,f_f006836
f006836_77232,128.554755,38.2669003,2023-08-19 09:49,f_f006836
f006836_77232,128.554755,38.2669003,2023-08-19 09:50,f_f006836
f006836_77232,128.554755,38.2669003,2023-08-19 09:51,f_f006836
f006836_77232,128.554755,38.2669003,2023-08-19 09:52,f_f006836
f006836_77232,128.554755,38.2669003,2023-08-19 09:53,f_f006836
f006836_77232,128.554755,38.2669003,2023-08-19 09:53,f_f006836
f006836_77232,128.554755,38.2669003,2023-08-19 09:54,f_f006836
f006836_77232,128.554755,38.2669003,2023-08-19 09:55,f_f006836
f006836_77232,128.554755,38.2669003,2023-08-19 09:56,f_f006836
f006836_77232,128.554755,38.2669003,2023-08-19 09:57,f_f006836
f006836_77232,128.554755,38.2669003,2023-08-19 09:58,f_f006836
f006836_77232,128.554755,38.2669003,2023-08-19 09:59,f_f006836
f006836_77232,128.554755,38.2669003,2023-08-19 10:00,f_f006836
f006836_77232,128.554755,38.2669003,2023-08-19 10:01,f_f006836
f006836_77232,128.554755,38.2669003,2023-08-19 10:02,f_f006836
f006836_77232,128.554755,38.2669003,2023-08-19 10:02,f_f006836
f006836_77232,128.554755,38.2669003,2023-08-19 10:03,f_f006836
f006836_77232,128.554755,38.2669003,2023-08-19 10:04,f_f006836
f006836_77232,128.554755,38.2669003,2023-08-19 10:05,f_f006836
f006836_77232,128.554755,38.2669003,2023-08-19 10:06,f_f006836
f006836_77232,128.554755,38.2669003,2023-08-19 10:07,f_f006836
f006836_77232,128.554755,38.2669003,2023-08-19 10:08,f_f006836
f006836_77232,128.554755,38.2669003,2023-08-19 10:09,f_f006836
f006836_77232,128.554755,38.2669003,2023-08-19 10:10,f_f006836
f006836_77232,128.554755,38.2669003,2023-08-19 10:11,f_f006836
f006836_77232,128.554755,38.2669003,2023-08-19 10:12,f_f006836
f006836_77232,128.554755,38.2669003,2023-08-19 10:13,f_f006836
f006836_77232,128.554755,38.2669003,2023-08-19 10:14,f_f006836
f006836_77232,128.554755,38.2669003,2023-08-19 10:15,f_f006836
f006836_77232,128.554755,38.2669003,2023-08-19 10:16,f_f006836
f006836_77232,128.554755,38.2669003,2023-08-19 10:17,f_f006836
f006836_77232,128.554755,38.2669003,2023-08-19 10:18,f_f006836
f006836_77232,128.554755,38.2669003,2023-08-19 10:19,f_f006836
f006836_77232,128.554755,38.2669003,2023-08-19 10:19,f_f006836
f006836_77232,128.554755,38.2669003,2023-08-19 10:20,f_f006836
f006836_77232,128.554755,38.2669003,2023-08-19 10:20,f_f006836
f006836_77232,128.554755,38.2669003,2023-08-19 10:22,f_f006836
f006836_77232,128.554755,38.2669003,2023-08-19 10:23,f_f006836
f006836_77232,128.554755,38.2669003,2023-08-19 10:24,f_f006836
f006836_77232,128.554755,38.2669003,2023-08-19 10:25,f_f006836
f006836_77232,128.554755,38.2669003,2023-08-19 10:26,f_f006836
f006836_77232,128.554755,38.2669003,2023-08-19 10:27,f_f006836
f006836_77232,128.554755,38.2669003,2023-08-19 10:28,f_f006836
f006836_77232,128.554755,38.2669003,2023-08-19 10:29,f_f006836
f006836_77232,128.554755,38.2669003,2023-08-19 10:30,f_f006836
f006836_77232,128.554755,38.2669003,2023-08-19 10:30,f_f006836
f006836_77232,128.554755,38.2669003,2023-08-19 10:32,f_f006836
f006836_77232,128.554755,38.2669003,2023-08-19 10:33,f_f006836
f006836_77232,128.554755,38.2669003,2023-08-19 10:34,f_f006836
f006836_77232,128.554755,38.2669003,2023-08-19 10:35,f_f006836
f006836_77232,128.554755,38.2669003,2023-08-19 10:35,f_f006836
f006836_77232,128.554755,38.2669003,2023-08-19 10:37,f_f006836
f006836_77232,128.554755,38.2669003,2023-08-19 10:38,f_f006836
f006836_77232,128.554755,38.2669003,2023-08-19 10:39,f_f006836
f006836_77232,128.554755,38.2669003,2023-08-19 10:40,f_f006836
f006836_77232,128.554755,38.2669003,2023-08-19 10:41,f_f006836
f006836_77232,128.554755,38.2669003,2023-08-19 10:42,f_f006836
f006836_77232,128.554755,38.2669003,2023-08-19 10:43,f_f006836
f006836_77232,128.554755,38.2669003,2023-08-19 10:44,f_f006836
f006836_77232,128.554755,38.2669003,2023-08-19 10:45,f_f006836
f006836_77232,128.554755,38.2669003,2023-08-19 10:46,f_f006836
f006836_77232,128.554755,38.2669003,2023-08-19 10:47,f_f006836
f006836_77232,128.554755,38.2669003,2023-08-19 10:48,f_f006836
f006836_77232,128.554755,38.2669003,2023-08-19 10:49,f_f006836
f006836_77232,128.554755,38.2669003,2023-08-19 10:50,f_f006836
f006836_77232,128.554755,38.2669003,2023-08-19 10:51,f_f006836
f006836_77232,128.554755,38.2669003,2023-08-19 10:52,f_f006836
f006836_77232,128.554755,38.2669003,2023-08-19 10:53,f_f006836
f006836_77232,128.554755,38.2669003,2023-08-19 10:54,f_f006836
f006836_77232,128.554755,38.2669003,2023-08-19 10:55,f_f006836
f006836_77232,128.554755,38.2669003,2023-08-19 10:56,f_f006836
f006836_77232,128.554755,38.2669003,2023-08-19 10:57,f_f006836
f006836_77232,128.554755,38.2669003,2023-08-19 10:58,f_f006836
f006836_77232,128.554755,38.2669003,2023-08-19 10:59,f_f006836
f006836_77232,128.554755,38.2669003,2023-08-19 11:00,f_f006836
f006836_77232,128.554755,38.2669003,2023-08-19 11:01,f_f006836
f006836_77232,128.554755,38.2669003,2023-08-19 11:02,f_f006836
f006836_77232,128.554755,38.2669003,2023-08-19 11:03,f_f006836
f006836_77232,128.554755,38.2669003,2023-08-19 11:04,f_f006836
f006836_77232,128.554755,38.2669003,2023-08-19 11:05,f_f006836
f006836_77232,128.554755,38.2669003,2023-08-19 11:06,f_f006836
f006836_77232,128.554755,38.2669003,2023-08-19 11:07,f_f006836
f006836_77232,128.554755,38.2669003,2023-08-19 11:08,f_f006836
f006836_77232,128.554755,38.2669003,2023-08-19 11:09,f_f006836
f006836_77232,128.554755,38.2669003,2023-08-19 11:10,f_f006836
f006836_77232,128.554755,38.2669003,2023-08-19 11:11,f_f006836
f006836_77232,128.554755,38.2669003,2023-08-19 11:12,f_f006836
f006836_77232,128.554755,38.2669003,2023-08-19 11:13,f_f006836
f006836_77232,128.554755,38.2669003,2023-08-19 11:14,f_f006836
f006836_77232,128.554755,38.2669003,2023-08-19 11:15,f_f006836
f006836_77232,128.554755,38.2669003,2023-08-19 11:16,f_f006836
f006836_77232,128.554755,38.2669003,2023-08-19 11:17,f_f006836
f006836_77232,128.554755,38.2669003,2023-08-19 11:18,f_f006836
f006836_77232,128.554755,38.2669003,2023-08-19 11:19,f_f006836
f006836_77232,128.554755,38.2669003,2023-08-19 11:20,f_f006836
f006836_77232,128.554755,38.2669003,2023-08-19 11:21,f_f006836
f006836_77232,128.554755,38.2669003,2023-08-19 11:22,f_f006836
f006836_77232,128.554755,38.2669003,2023-08-19 11:23,f_f006836
f006836_77232,128.554755,38.2669003,2023-08-19 11:24,f_f006836
f006836_77232,128.554755,38.2669003,2023-08-19 11:25,f_f006836
f006836_77232,128.554755,38.2669003,2023-08-19 11:26,f_f006836
f006836_77232,128.554755,38.2669003,2023-08-19 11:27,f_f006836
f006836_77232,128.554755,38.2669003,2023-08-19 11:28,f_f006836
f006836_77232,128.554755,38.2669003,2023-08-19 11:29,f_f006836
f006836_77232,128.554755,38.2669003,2023-08-19 11:31,f_f006836
f006836_77232,128.554755,38.2669003,2023-08-19 11:32,f_f006836
f006836_77232,128.554755,38.2669003,2023-08-19 11:33,f_f006836
f006836_77232,128.554755,38.2669003,2023-08-19 11:35,f_f006836
f006836_77232,128.554755,38.2669003,2023-08-19 11:36,f_f006836
f006836_77232,128.554755,38.2669003,2023-08-19 11:37,f_f006836
f006836_77232,128.554755,38.2669003,2023-08-19 12:28,f_f006836
f006836_77232,128.554755,38.2669003,2023-08-19 12:29,f_f006836
f006836_77232,128.554755,38.2669003,2023-08-19 12:30,f_f006836
f006836_77232,128.554755,38.2669003,2023-08-19 12:30,f_f006836
f006836_77232,128.554755,38.2669003,2023-08-19 12:31,f_f006836
f006836_77232,128.554755,38.2669003,2023-08-19 12:33,f_f006836
f006836_77232,128.554755,38.2669003,2023-08-19 12:34,f_f006836
f006836_77232,128.554755,38.2669003,2023-08-19 12:34,f_f006836
f006836_77232,128.554755,38.2669003,2023-08-19 12:35,f_f006836
f006836_77232,128.554755,38.2669003,2023-08-19 12:35,f_f006836
f006836_77232,128.554755,38.2669003,2023-08-19 12:36,f_f006836
f006836_77232,128.554755,38.2669003,2023-08-19 12:36,f_f006836
f006836_77232,128.554755,38.2669003,2023-08-19 12:37,f_f006836
f006836_77232,128.554755,38.2669003,2023-08-19 12:37,f_f006836
f006836_77232,128.554755,38.2669003,2023-08-19 12:37,f_f006836
f006836_77232,128.554755,38.2669003,2023-08-19 12:38,f_f006836
f006836_77232,128.554755,38.2669003,2023-08-19 12:38,f_f006836
f006836_77232,128.554755,38.2669003,2023-08-19 12:40,f_f006836
f006836_77232,128.554755,38.2669003,2023-08-19 12:41,f_f006836
f006836_77232,128.554755,38.2669003,2023-08-19 12:42,f_f006836
f006836_77232,128.554755,38.2669003,2023-08-19 12:43,f_f006836
f006836_77232,128.554755,38.2669003,2023-08-19 12:44,f_f006836
f006836_77232,128.554755,38.2669003,2023-08-19 12:44,f_f006836
f006836_77232,128.554755,38.2669003,2023-08-19 12:46,f_f006836
f006836_77232,128.554755,38.2669003,2023-08-19 12:47,f_f006836
f006836_77232,128.554755,38.2669003,2023-08-19 12:48,f_f006836
f006836_77232,128.554755,38.2669003,2023-08-19 12:49,f_f006836
f006836_77232,128.554755,38.2669003,2023-08-19 12:50,f_f006836
f006836_77232,128.554755,38.2669003,2023-08-19 12:51,f_f006836
f006836_77232,128.554755,38.2669003,2023-08-19 12:52,f_f006836
f006836_77232,128.554755,38.2669003,2023-08-19 12:53,f_f006836
f006836_77232,128.554755,38.2669003,2023-08-19 12:54,f_f006836
f006836_77232,128.554755,38.2669003,2023-08-19 12:55,f_f006836
f006836_77232,128.554755,38.2669003,2023-08-19 12:56,f_f006836
f006836_77232,128.554755,38.2669003,2023-08-19 12:57,f_f006836
f006836_77232,128.554755,38.2669003,2023-08-19 12:58,f_f006836
f006836_77232,128.554755,38.2669003,2023-08-19 12:59,f_f006836
f006836_77232,128.554755,38.2669003,2023-08-19 12:59,f_f006836
f006836_77232,128.554755,38.2669003,2023-08-19 13:01,f_f006836
f006836_77232,128.554755,38.2669003,2023-08-19 13:02,f_f006836
f006836_77232,128.554755,38.2669003,2023-08-19 13:03,f_f006836
f006836_77232,128.554755,38.2669003,2023-08-19 13:04,f_f006836
f006836_77232,128.554755,38.2669003,2023-08-19 13:05,f_f006836
f006836_77232,128.554755,38.2669003,2023-08-19 13:06,f_f006836
f006836_77232,128.554755,38.2669003,2023-08-19 13:07,f_f006836
f006836_77232,128.554755,38.2669003,2023-08-19 13:08,f_f006836
f006836_77232,128.554755,38.2669003,2023-08-19 13:09,f_f006836
f006836_77232,128.554755,38.2669003,2023-08-19 13:10,f_f006836
f006836_77232,128.554755,38.2669003,2023-08-19 13:11,f_f006836
f006836_77232,128.554755,38.2669003,2023-08-19 13:12,f_f006836
f006836_77232,128.554755,38.2669003,2023-08-19 13:13,f_f006836
f006836_77232,128.554755,38.2669003,2023-08-19 13:14,f_f006836
f006836_77232,128.554755,38.2669003,2023-08-19 13:15,f_f006836
f006836_77232,128.554755,38.2669003,2023-08-19 13:16,f_f006836
f006836_77232,128.554755,38.2669003,2023-08-19 13:17,f_f006836
f006836_77232,128.554755,38.2669003,2023-08-19 13:18,f_f006836
f006836_77232,128.554755,38.2669003,2023-08-19 13:19,f_f006836
f006836_77232,128.554755,38.2669003,2023-08-19 13:19,f_f006836
f006836_77232,128.554755,38.2669003,2023-08-19 13:20,f_f006836
f006836_77232,128.554755,38.2669003,2023-08-19 13:21,f_f006836
f006836_77232,128.554755,38.2669003,2023-08-19 13:22,f_f006836
f006836_77232,128.554755,38.2669003,2023-08-19 13:23,f_f006836
f006836_77232,128.554755,38.2669003,2023-08-19 13:24,f_f006836
f006836_77232,128.554755,38.2669003,2023-08-19 13:25,f_f006836
f006836_77232,128.554755,38.2669003,2023-08-19 13:26,f_f006836
f006836_77232,128.554755,38.2669003,2023-08-19 13:27,f_f006836
f006836_77232,128.554755,38.2669003,2023-08-19 13:28,f_f006836
f006836_77232,128.554755,38.2669003,2023-08-19 13:29,f_f006836
f006836_77232,128.554755,38.2669003,2023-08-19 13:30,f_f006836
f006836_77232,128.554755,38.2669003,2023-08-19 13:31,f_f006836
f006836_77232,128.554755,38.2669003,2023-08-19 13:32,f_f006836
f006836_77232,128.554755,38.2669003,2023-08-19 13:33,f_f006836
f006836_77232,128.554755,38.2669003,2023-08-19 13:34,f_f006836
f006836_77232,128.5542903,38.2747401,2023-08-19 14:29,f_f006836
f006836_77232,128.5542903,38.2747401,2023-08-19 14:30,f_f006836
f006836_77232,128.5542903,38.2747401,2023-08-19 14:31,f_f006836
f006836_77232,128.5542903,38.2747401,2023-08-19 14:32,f_f006836
f006836_77232,128.5542903,38.2747401,2023-08-19 14:33,f_f006836
f006836_77232,128.5542903,38.2747401,2023-08-19 14:34,f_f006836
f006836_77232,128.5542903,38.2747401,2023-08-19 14:35,f_f006836
f006836_77232,128.5542903,38.2747401,2023-08-19 14:35,f_f006836
f006836_77232,128.5542903,38.2747401,2023-08-19 14:36,f_f006836
f006836_77232,128.5542903,38.2747401,2023-08-19 14:37,f_f006836
f006836_77232,128.5542903,38.2747401,2023-08-19 14:38,f_f006836
f006836_77232,128.5542903,38.2747401,2023-08-19 14:39,f_f006836
f006836_77232,128.5542903,38.2747401,2023-08-19 14:39,f_f006836
f006836_77232,128.5542903,38.2747401,2023-08-19 14:40,f_f006836
f006836_77232,128.5542903,38.2747401,2023-08-19 14:41,f_f006836
f006836_77232,128.5529478,38.276411,2023-08-19 14:42,f_f006836
f006836_77232,128.5529478,38.276411,2023-08-19 14:42,f_f006836
f006836_77232,128.5502154,38.277778,2023-08-19 14:43,f_f006836
f006836_77232,128.5502154,38.277778,2023-08-19 14:44,f_f006836
f006836_77232,128.5502154,38.277778,2023-08-19 14:45,f_f006836
f006836_77232,128.5486845,38.2775679,2023-08-19 14:46,f_f006836
f006836_77232,128.5483256,38.2723593,2023-08-19 14:47,f_f006836
f006836_77232,128.5551003,38.2661153,2023-08-19 14:48,f_f006836
f006836_77232,128.5551003,38.2661153,2023-08-19 14:48,f_f006836
f006836_77232,128.5551956,38.260219,2023-08-19 14:49,f_f006836
f006836_77232,128.5503516,38.2593875,2023-08-19 14:49,f_f006836
f006836_77232,128.5503516,38.2593875,2023-08-19 14:50,f_f006836
f006836_77232,128.5503516,38.2593875,2023-08-19 14:51,f_f006836
f006836_77232,128.5503516,38.2593875,2023-08-19 14:52,f_f006836
f006836_77232,128.5503516,38.2593875,2023-08-19 14:53,f_f006836
f006836_77232,128.5119178,38.236479,2023-08-19 14:54,f_f006836
f006836_77232,128.5119178,38.236479,2023-08-19 14:55,f_f006836
f006836_77232,128.5068515,38.2140565,2023-08-19 14:56,f_f006836
f006836_77232,128.5068515,38.2140565,2023-08-19 14:57,f_f006836
f006836_77232,128.5068515,38.2140565,2023-08-19 14:58,f_f006836
f006836_77232,128.5068515,38.2140565,2023-08-19 14:59,f_f006836
f006836_77232,128.5068515,38.2140565,2023-08-19 15:00,f_f006836
f006836_77232,128.5068515,38.2140565,2023-08-19 15:01,f_f006836
f006836_77232,128.5068515,38.2140565,2023-08-19 15:02,f_f006836
f006836_77232,128.5068515,38.2140565,2023-08-19 15:03,f_f006836
f006836_77232,128.5068515,38.2140565,2023-08-19 15:04,f_f006836
f006836_77232,128.5068515,38.2140565,2023-08-19 15:05,f_f006836
f006836_77232,128.5068515,38.2140565,2023-08-19 15:06,f_f006836
f006836_77232,128.5068515,38.2140565,2023-08-19 15:07,f_f006836
f006836_77232,128.5068515,38.2140565,2023-08-19 15:08,f_f006836
f006836_77232,128.5068515,38.2140565,2023-08-19 15:09,f_f006836
f006836_77232,128.5068515,38.2140565,2023-08-19 15:10,f_f006836
f006836_77232,128.5068515,38.2140565,2023-08-19 15:11,f_f006836
f006836_77232,128.5068515,38.2140565,2023-08-19 15:13,f_f006836
f006836_77232,128.5068515,38.2140565,2023-08-19 15:14,f_f006836
f006836_77232,128.5068515,38.2140565,2023-08-19 15:15,f_f006836
f006836_77232,128.5068515,38.2140565,2023-08-19 15:16,f_f006836
f006836_77232,128.5068515,38.2140565,2023-08-19 15:17,f_f006836
f006836_77232,128.5068515,38.2140565,2023-08-19 15:18,f_f006836
f006836_77232,128.5068515,38.2140565,2023-08-19 15:19,f_f006836
f006836_77232,128.5068515,38.2140565,2023-08-19 15:20,f_f006836
f006836_77232,128.5068515,38.2140565,2023-08-19 15:21,f_f006836
f006836_77232,128.5068515,38.2140565,2023-08-19 15:22,f_f006836
f006836_77232,128.5068515,38.2140565,2023-08-19 15:23,f_f006836
f006836_77232,128.5068515,38.2140565,2023-08-19 15:24,f_f006836
f006836_77232,128.5068515,38.2140565,2023-08-19 15:25,f_f006836
f006836_77232,128.5068515,38.2140565,2023-08-19 15:26,f_f006836
f006836_77232,128.5068515,38.2140565,2023-08-19 15:27,f_f006836
f006836_77232,128.5068515,38.2140565,2023-08-19 15:28,f_f006836
f006836_77232,128.5068515,38.2140565,2023-08-19 15:29,f_f006836
f006836_77232,128.5068515,38.2140565,2023-08-19 15:30,f_f006836
f006836_77232,128.5068515,38.2140565,2023-08-19 15:31,f_f006836
f006836_77232,128.5068515,38.2140565,2023-08-19 15:32,f_f006836
f006836_77232,128.5068515,38.2140565,2023-08-19 15:33,f_f006836
f006836_77232,128.5068515,38.2140565,2023-08-19 15:34,f_f006836
f006836_77232,128.5068515,38.2140565,2023-08-19 15:35,f_f006836
f006836_77232,128.5068515,38.2140565,2023-08-19 15:36,f_f006836
f006836_77232,128.5068515,38.2140565,2023-08-19 15:37,f_f006836
f006836_77232,128.5068515,38.2140565,2023-08-19 15:38,f_f006836
f006836_77232,128.5068515,38.2140565,2023-08-19 15:39,f_f006836
f006836_77232,128.5068515,38.2140565,2023-08-19 15:40,f_f006836
f006836_77232,128.5068515,38.2140565,2023-08-19 15:41,f_f006836
f006836_77232,128.5068515,38.2140565,2023-08-19 15:42,f_f006836
f006836_77232,128.5068515,38.2140565,2023-08-19 15:43,f_f006836
f006836_77232,128.5068515,38.2140565,2023-08-19 15:44,f_f006836
f006836_77232,128.5068515,38.2140565,2023-08-19 15:45,f_f006836
f006836_77232,128.5068515,38.2140565,2023-08-19 15:46,f_f006836
f006836_77232,128.5068515,38.2140565,2023-08-19 15:47,f_f006836
f006836_77232,128.5068515,38.2140565,2023-08-19 15:48,f_f006836
f006836_77232,128.5068515,38.2140565,2023-08-19 15:49,f_f006836
f006836_77232,128.5068515,38.2140565,2023-08-19 15:50,f_f006836
f006836_77232,128.5068515,38.2140565,2023-08-19 15:51,f_f006836
f006836_77232,128.5068515,38.2140565,2023-08-19 15:52,f_f006836
f006836_77232,128.5068515,38.2140565,2023-08-19 15:53,f_f006836
f006836_77232,128.5068515,38.2140565,2023-08-19 15:56,f_f006836
f006836_77232,128.5068515,38.2140565,2023-08-19 15:57,f_f006836
f006836_77232,128.5068515,38.2140565,2023-08-19 15:58,f_f006836
f006836_77232,128.5068515,38.2140565,2023-08-19 15:59,f_f006836
f006836_77232,128.5068515,38.2140565,2023-08-19 16:00,f_f006836
f006836_77232,128.5068515,38.2140565,2023-08-19 16:01,f_f006836
f006836_77232,128.5068515,38.2140565,2023-08-19 16:02,f_f006836
f006836_77232,128.5068515,38.2140565,2023-08-19 16:03,f_f006836
f006836_77232,128.5068515,38.2140565,2023-08-19 16:04,f_f006836
f006836_77232,128.5068515,38.2140565,2023-08-19 16:05,f_f006836
f006836_77232,128.5068515,38.2140565,2023-08-19 16:06,f_f006836
f006836_77232,128.5068515,38.2140565,2023-08-19 16:07,f_f006836
f006836_77232,128.5068515,38.2140565,2023-08-19 16:08,f_f006836
f006836_77232,128.5068515,38.2140565,2023-08-19 16:09,f_f006836
f006836_77232,128.5068515,38.2140565,2023-08-19 16:10,f_f006836
f006836_77232,128.5068515,38.2140565,2023-08-19 16:11,f_f006836
f006836_77232,128.5068515,38.2140565,2023-08-19 16:12,f_f006836
f006836_77232,128.5068515,38.2140565,2023-08-19 16:13,f_f006836
f006836_77232,128.5068515,38.2140565,2023-08-19 16:14,f_f006836
f006836_77232,128.5068515,38.2140565,2023-08-19 16:15,f_f006836
f006836_77232,128.5049029,38.2092801,2023-08-19 16:16,f_f006836
f006836_77232,128.5049029,38.2092801,2023-08-19 16:17,f_f006836
f006836_77232,128.5144366,38.2046413,2023-08-19 16:18,f_f006836
f006836_77232,128.5144366,38.2046413,2023-08-19 16:18,f_f006836
f006836_77232,128.5254814,38.2039601,2023-08-19 16:19,f_f006836
f006836_77232,128.5254814,38.2039601,2023-08-19 16:20,f_f006836
f006836_77232,128.5308413,38.2024141,2023-08-19 16:21,f_f006836
f006836_77232,128.5323917,38.2026932,2023-08-19 16:22,f_f006836
f006836_77232,128.5323917,38.2026932,2023-08-19 16:23,f_f006836
f006836_77232,128.5499475,38.204849,2023-08-19 16:24,f_f006836
f006836_77232,128.5615611,38.2043339,2023-08-19 16:25,f_f006836
f006836_77232,128.5675758,38.2048891,2023-08-19 16:26,f_f006836
f006836_77232,128.5712824,38.2046422,2023-08-19 16:27,f_f006836
f006836_77232,128.5712824,38.2046422,2023-08-19 16:28,f_f006836
f006836_77232,128.5782817,38.2080768,2023-08-19 16:29,f_f006836
f006836_77232,128.5782817,38.2080768,2023-08-19 16:30,f_f006836
f006836_77232,128.5782817,38.2080768,2023-08-19 16:31,f_f006836
f006836_77232,128.5782817,38.2080768,2023-08-19 16:32,f_f006836
f006836_77232,128.5782817,38.2080768,2023-08-19 16:33,f_f006836
f006836_77232,128.5782817,38.2080768,2023-08-19 16:34,f_f006836
f006836_77232,128.5782817,38.2080768,2023-08-19 16:35,f_f006836
f006836_77232,128.5782817,38.2080768,2023-08-19 16:36,f_f006836
f006836_77232,128.5782817,38.2080768,2023-08-19 16:37,f_f006836
f006836_77232,128.5873908,38.2034615,2023-08-19 16:38,f_f006836
f006836_77232,128.5873908,38.2034615,2023-08-19 16:39,f_f006836
f006836_77232,128.5873908,38.2034615,2023-08-19 16:40,f_f006836
f006836_77232,128.5873908,38.2034615,2023-08-19 16:41,f_f006836
f006836_77232,128.5873908,38.2034615,2023-08-19 16:42,f_f006836
f006836_77232,128.5873908,38.2034615,2023-08-19 16:42,f_f006836
f006836_77232,128.5873908,38.2034615,2023-08-19 16:43,f_f006836
f006836_77232,128.5873908,38.2034615,2023-08-19 16:43,f_f006836
f006836_77232,128.5873908,38.2034615,2023-08-19 16:44,f_f006836
f006836_77232,128.5873908,38.2034615,2023-08-19 16:45,f_f006836
f006836_77232,128.5873908,38.2034615,2023-08-19 16:46,f_f006836
f006836_77232,128.5873908,38.2034615,2023-08-19 16:47,f_f006836
f006836_77232,128.5873908,38.2034615,2023-08-19 16:48,f_f006836
f006836_77232,128.5873908,38.2034615,2023-08-19 16:49,f_f006836
f006836_77232,128.5873908,38.2034615,2023-08-19 16:50,f_f006836
f006836_77232,128.5873908,38.2034615,2023-08-19 16:50,f_f006836
f006836_77232,128.5873908,38.2034615,2023-08-19 16:51,f_f006836
f006836_77232,128.5873908,38.2034615,2023-08-19 16:52,f_f006836
f006836_77232,128.5873908,38.2034615,2023-08-19 16:53,f_f006836
f006836_77232,128.5873908,38.2034615,2023-08-19 16:54,f_f006836
f006836_77232,128.5873908,38.2034615,2023-08-19 16:55,f_f006836
f006836_77232,128.5873908,38.2034615,2023-08-19 16:56,f_f006836
f006836_77232,128.5873908,38.2034615,2023-08-19 16:56,f_f006836
f006836_77232,128.5873908,38.2034615,2023-08-19 16:57,f_f006836
f006836_77232,128.5873908,38.2034615,2023-08-19 16:58,f_f006836
f006836_77232,128.5873908,38.2034615,2023-08-19 16:59,f_f006836
f006836_77232,128.5873908,38.2034615,2023-08-19 17:00,f_f006836
f006836_77232,128.5873908,38.2034615,2023-08-19 17:01,f_f006836
f006836_77232,128.5873908,38.2034615,2023-08-19 17:02,f_f006836
f006836_77232,128.5873908,38.2034615,2023-08-19 17:03,f_f006836
f006836_77232,128.5873908,38.2034615,2023-08-19 17:04,f_f006836
f006836_77232,128.5873908,38.2034615,2023-08-19 17:05,f_f006836
f006836_77232,128.5873908,38.2034615,2023-08-19 17:06,f_f006836
f006836_77232,128.5873908,38.2034615,2023-08-19 17:07,f_f006836
f006836_77232,128.5873908,38.2034615,2023-08-19 17:08,f_f006836
f006836_77232,128.5873908,38.2034615,2023-08-19 17:10,f_f006836
f006836_77232,128.5873908,38.2034615,2023-08-19 17:10,f_f006836
f006836_77232,128.5873908,38.2034615,2023-08-19 17:12,f_f006836
f006836_77232,128.5873908,38.2034615,2023-08-19 17:13,f_f006836
f006836_77232,128.5873908,38.2034615,2023-08-19 17:14,f_f006836
f006836_77232,128.5873908,38.2034615,2023-08-19 17:15,f_f006836
f006836_77232,128.5873908,38.2034615,2023-08-19 17:16,f_f006836
f006836_77232,128.5873908,38.2034615,2023-08-19 17:17,f_f006836
f006836_77232,128.5873908,38.2034615,2023-08-19 17:18,f_f006836
f006836_77232,128.5873908,38.2034615,2023-08-19 17:19,f_f006836
f006836_77232,128.5901336,38.2039078,2023-08-19 17:20,f_f006836
f006836_77232,128.5901336,38.2039078,2023-08-19 17:21,f_f006836
f006836_77232,128.5901336,38.2039078,2023-08-19 17:22,f_f006836
f006836_77232,128.5901336,38.2039078,2023-08-19 17:23,f_f006836
f006836_77232,128.5901336,38.2039078,2023-08-19 17:24,f_f006836
f006836_77232,128.5901336,38.2039078,2023-08-19 17:25,f_f006836
f006836_77232,128.5901336,38.2039078,2023-08-19 17:25,f_f006836
f006836_77232,128.5901336,38.2039078,2023-08-19 17:26,f_f006836
f006836_77232,128.5901336,38.2039078,2023-08-19 17:28,f_f006836
f006836_77232,128.5901336,38.2039078,2023-08-19 17:29,f_f006836
f006836_77232,128.5901336,38.2039078,2023-08-19 17:29,f_f006836
f006836_77232,128.5901336,38.2039078,2023-08-19 17:31,f_f006836
f006836_77232,128.5901336,38.2039078,2023-08-19 17:32,f_f006836
f006836_77232,128.5901336,38.2039078,2023-08-19 17:33,f_f006836
f006836_77232,128.5901336,38.2039078,2023-08-19 17:34,f_f006836
f006836_77232,128.5901336,38.2039078,2023-08-19 17:35,f_f006836
f006836_77232,128.5901336,38.2039078,2023-08-19 17:36,f_f006836
f006836_77232,128.5901336,38.2039078,2023-08-19 17:36,f_f006836
f006836_77232,128.5901336,38.2039078,2023-08-19 17:37,f_f006836
f006836_77232,128.5906571,38.2039711,2023-08-19 17:38,f_f006836
f006836_77232,128.5906571,38.2039711,2023-08-19 17:39,f_f006836
f006836_77232,128.5906571,38.2039711,2023-08-19 17:39,f_f006836
f006836_77232,128.5906571,38.2039711,2023-08-19 17:40,f_f006836
f006836_77232,128.5906571,38.2039711,2023-08-19 17:41,f_f006836
f006836_77232,128.5906571,38.2039711,2023-08-19 17:42,f_f006836
f006836_77232,128.5906571,38.2039711,2023-08-19 17:43,f_f006836
f006836_77232,128.5906571,38.2039711,2023-08-19 17:44,f_f006836
f006836_77232,128.5906571,38.2039711,2023-08-19 17:45,f_f006836
f006836_77232,128.5906571,38.2039711,2023-08-19 17:46,f_f006836
f006836_77232,128.5906571,38.2039711,2023-08-19 17:46,f_f006836
f006836_77232,128.5906571,38.2039711,2023-08-19 17:47,f_f006836
f006836_77232,128.5906571,38.2039711,2023-08-19 17:48,f_f006836
f006836_77232,128.5906571,38.2039711,2023-08-19 17:49,f_f006836
f006836_77232,128.5906571,38.2039711,2023-08-19 17:50,f_f006836
f006836_77232,128.5906571,38.2039711,2023-08-19 17:51,f_f006836
f006836_77232,128.5906571,38.2039711,2023-08-19 17:52,f_f006836
f006836_77232,128.5906571,38.2039711,2023-08-19 17:53,f_f006836
f006836_77232,128.5906571,38.2039711,2023-08-19 17:54,f_f006836
f006836_77232,128.5906571,38.2039711,2023-08-19 17:55,f_f006836
f006836_77232,128.5906571,38.2039711,2023-08-19 17:56,f_f006836
f006836_77232,128.5906571,38.2039711,2023-08-19 17:57,f_f006836
f006836_77232,128.5906571,38.2039711,2023-08-19 17:58,f_f006836
f006836_77232,128.5906571,38.2039711,2023-08-19 17:59,f_f006836
f006836_77232,128.5906571,38.2039711,2023-08-19 18:00,f_f006836
f006836_77232,128.5906571,38.2039711,2023-08-19 18:01,f_f006836
f006836_77232,128.5906571,38.2039711,2023-08-19 18:02,f_f006836
f006836_77232,128.5906571,38.2039711,2023-08-19 18:03,f_f006836
f006836_77232,128.5906571,38.2039711,2023-08-19 18:04,f_f006836
f006836_77232,128.5906571,38.2039711,2023-08-19 18:05,f_f006836
f006836_77232,128.5906571,38.2039711,2023-08-19 18:06,f_f006836
f006836_77232,128.5906571,38.2039711,2023-08-19 18:07,f_f006836
f006836_77232,128.5906571,38.2039711,2023-08-19 18:08,f_f006836
f006836_77232,128.5906571,38.2039711,2023-08-19 18:09,f_f006836
f006836_77232,128.5906571,38.2039711,2023-08-19 18:10,f_f006836
f006836_77232,128.5906571,38.2039711,2023-08-19 18:11,f_f006836
f006836_77232,128.5906571,38.2039711,2023-08-19 18:12,f_f006836
f006836_77232,128.5906571,38.2039711,2023-08-19 18:13,f_f006836
f006836_77232,128.5906571,38.2039711,2023-08-19 18:14,f_f006836
f006836_77232,128.5906571,38.2039711,2023-08-19 18:15,f_f006836
f006836_77232,128.5906571,38.2039711,2023-08-19 18:16,f_f006836
f006836_77232,128.5906571,38.2039711,2023-08-19 18:17,f_f006836
f006836_77232,128.5906571,38.2039711,2023-08-19 18:18,f_f006836
f006836_77232,128.5906571,38.2039711,2023-08-19 18:19,f_f006836
f006836_77232,128.5906571,38.2039711,2023-08-19 18:20,f_f006836
f006836_77232,128.5906571,38.2039711,2023-08-19 18:21,f_f006836
f006836_77232,128.5906571,38.2039711,2023-08-19 18:22,f_f006836
f006836_77232,128.5906571,38.2039711,2023-08-19 18:23,f_f006836
f006836_77232,128.5906571,38.2039711,2023-08-19 18:24,f_f006836
f006836_77232,128.5906571,38.2039711,2023-08-19 18:25,f_f006836
f006836_77232,128.5906571,38.2039711,2023-08-19 18:26,f_f006836
f006836_77232,128.5906571,38.2039711,2023-08-19 18:27,f_f006836
f006836_77232,128.5906571,38.2039711,2023-08-19 18:28,f_f006836
f006836_77232,128.5906571,38.2039711,2023-08-19 18:29,f_f006836
f006836_77232,128.5906571,38.2039711,2023-08-19 18:30,f_f006836
f006836_77232,128.5906571,38.2039711,2023-08-19 18:31,f_f006836
f006836_77232,128.5906571,38.2039711,2023-08-19 18:32,f_f006836
f006836_77232,128.5906571,38.2039711,2023-08-19 18:33,f_f006836
f006836_77232,128.5906571,38.2039711,2023-08-19 18:34,f_f006836
f006836_77232,128.5906571,38.2039711,2023-08-19 18:35,f_f006836
f006836_77232,128.5906571,38.2039711,2023-08-19 18:36,f_f006836
f006836_77232,128.5906571,38.2039711,2023-08-19 18:37,f_f006836
f006836_77232,128.5906571,38.2039711,2023-08-19 18:38,f_f006836
f006836_77232,128.5906571,38.2039711,2023-08-19 18:39,f_f006836
f006836_77232,128.5906571,38.2039711,2023-08-19 18:40,f_f006836
f006836_77232,128.5906571,38.2039711,2023-08-19 18:41,f_f006836
f006836_77232,128.5906571,38.2039711,2023-08-19 18:42,f_f006836
f006836_77232,128.5906571,38.2039711,2023-08-19 18:43,f_f006836
f006836_77232,128.5906571,38.2039711,2023-08-19 18:44,f_f006836
f006836_77232,128.5906571,38.2039711,2023-08-19 18:45,f_f006836
f006836_77232,128.5906571,38.2039711,2023-08-19 18:46,f_f006836
f006836_77232,128.5906571,38.2039711,2023-08-19 18:47,f_f006836
f006836_77232,128.5906571,38.2039711,2023-08-19 18:48,f_f006836
f006836_77232,128.5906571,38.2039711,2023-08-19 18:49,f_f006836
f006836_77232,128.5906571,38.2039711,2023-08-19 18:51,f_f006836
f006836_77232,128.5906571,38.2039711,2023-08-19 18:52,f_f006836
f006836_77232,128.5906571,38.2039711,2023-08-19 18:53,f_f006836
f006836_77232,128.5906571,38.2039711,2023-08-19 18:54,f_f006836
f006836_77232,128.5906571,38.2039711,2023-08-19 19:23,f_f006836
f006836_77232,128.5906571,38.2039711,2023-08-19 19:24,f_f006836
f006836_77232,128.5906571,38.2039711,2023-08-19 19:25,f_f006836
f006836_77232,128.5906571,38.2039711,2023-08-19 19:26,f_f006836
f006836_77232,128.5906571,38.2039711,2023-08-19 19:27,f_f006836
f006836_77232,128.5906571,38.2039711,2023-08-19 19:28,f_f006836
f006836_77232,128.5906571,38.2039711,2023-08-19 19:29,f_f006836
f006836_77232,128.5906571,38.2039711,2023-08-19 19:30,f_f006836
f006836_77232,128.5906571,38.2039711,2023-08-19 19:31,f_f006836
f006836_77232,128.5906571,38.2039711,2023-08-19 19:32,f_f006836
f006836_77232,128.5906571,38.2039711,2023-08-19 19:33,f_f006836
f006836_77232,128.5908003,38.204565,2023-08-19 19:34,f_f006836
f006836_77232,128.5832159,38.2011281,2023-08-19 19:35,f_f006836
f006836_77232,128.5832159,38.2011281,2023-08-19 19:36,f_f006836
f006836_77232,128.5804782,38.2001331,2023-08-19 19:37,f_f006836
f006836_77232,128.5669102,38.2044183,2023-08-19 19:38,f_f006836
f006836_77232,128.5669102,38.2044183,2023-08-19 19:39,f_f006836
f006836_77232,128.5669102,38.2044183,2023-08-19 19:40,f_f006836
f006836_77232,128.5669102,38.2044183,2023-08-19 19:41,f_f006836
f006836_77232,128.5669102,38.2044183,2023-08-19 19:42,f_f006836
f006836_77232,128.5669102,38.2044183,2023-08-19 19:43,f_f006836
f006836_77232,128.5669102,38.2044183,2023-08-19 19:44,f_f006836
f006836_77232,128.5669102,38.2044183,2023-08-19 19:45,f_f006836
f006836_77232,128.5669102,38.2044183,2023-08-19 19:46,f_f006836
f006836_77232,128.5669102,38.2044183,2023-08-19 19:47,f_f006836
f006836_77232,128.5669102,38.2044183,2023-08-19 19:48,f_f006836
f006836_77232,128.5669102,38.2044183,2023-08-19 19:49,f_f006836
f006836_77232,128.5669102,38.2044183,2023-08-19 19:50,f_f006836
f006836_77232,128.5176801,38.2048181,2023-08-19 19:51,f_f006836
f006836_77232,128.5149533,38.2045472,2023-08-19 19:52,f_f006836
f006836_77232,128.5149533,38.2045472,2023-08-19 19:53,f_f006836
f006836_77232,128.5149533,38.2045472,2023-08-19 19:54,f_f006836
f006836_77232,128.5149533,38.2045472,2023-08-19 19:54,f_f006836
f006836_77232,128.5149533,38.2045472,2023-08-19 19:56,f_f006836
f006836_77232,128.5149533,38.2045472,2023-08-19 19:57,f_f006836
f006836_77232,128.5149533,38.2045472,2023-08-19 19:58,f_f006836
f006836_77232,128.5149533,38.2045472,2023-08-19 19:59,f_f006836
f006836_77232,128.5149533,38.2045472,2023-08-19 20:00,f_f006836
f006836_77232,128.5149533,38.2045472,2023-08-19 20:01,f_f006836
f006836_77232,128.5149533,38.2045472,2023-08-19 20:02,f_f006836
f006836_77232,128.5149533,38.2045472,2023-08-19 20:03,f_f006836
f006836_77232,128.5149533,38.2045472,2023-08-19 20:04,f_f006836
f006836_77232,128.5149533,38.2045472,2023-08-19 20:05,f_f006836
f006836_77232,128.5149533,38.2045472,2023-08-19 20:06,f_f006836
f006836_77232,128.5149533,38.2045472,2023-08-19 20:07,f_f006836
f006836_77232,128.5149533,38.2045472,2023-08-19 20:08,f_f006836
f006836_77232,128.5149533,38.2045472,2023-08-19 20:09,f_f006836
f006836_77232,128.5149533,38.2045472,2023-08-19 20:10,f_f006836
f006836_77232,128.5149533,38.2045472,2023-08-19 20:11,f_f006836
f006836_77232,128.5149533,38.2045472,2023-08-19 20:12,f_f006836
f006836_77232,128.5149533,38.2045472,2023-08-19 20:13,f_f006836
f006836_77232,128.5149533,38.2045472,2023-08-19 20:14,f_f006836
f006836_77232,128.5149533,38.2045472,2023-08-19 20:15,f_f006836
f006836_77232,128.5149533,38.2045472,2023-08-19 20:16,f_f006836
f006836_77232,128.5149533,38.2045472,2023-08-19 20:17,f_f006836
f006836_77232,128.5149533,38.2045472,2023-08-19 20:18,f_f006836
f006836_77232,128.5149533,38.2045472,2023-08-19 20:19,f_f006836
f006836_77232,128.5149533,38.2045472,2023-08-19 20:20,f_f006836
f006836_77232,128.5149533,38.2045472,2023-08-19 20:21,f_f006836
f006836_77232,128.5149533,38.2045472,2023-08-19 20:22,f_f006836
f006836_77232,128.5149533,38.2045472,2023-08-19 20:23,f_f006836
f006836_77232,128.5149533,38.2045472,2023-08-19 20:24,f_f006836
f006836_77232,128.5149533,38.2045472,2023-08-19 20:25,f_f006836
f006836_77232,128.5149533,38.2045472,2023-08-19 20:26,f_f006836
f006836_77232,128.4969967,38.2093464,2023-08-19 20:27,f_f006836
f006836_77232,128.4969967,38.2093464,2023-08-19 20:28,f_f006836
f006836_77232,128.4969967,38.2093464,2023-08-19 20:29,f_f006836
f006836_77232,128.4969967,38.2093464,2023-08-19 20:30,f_f006836
f006836_77232,128.4969967,38.2093464,2023-08-19 20:31,f_f006836
f006836_77232,128.4969967,38.2093464,2023-08-19 20:32,f_f006836
f006836_77232,128.4969967,38.2093464,2023-08-19 20:33,f_f006836
f006836_77232,128.4969967,38.2093464,2023-08-19 20:34,f_f006836
f006836_77232,128.4969967,38.2093464,2023-08-19 20:35,f_f006836
f006836_77232,128.4969967,38.2093464,2023-08-19 20:36,f_f006836
f006836_77232,128.4969967,38.2093464,2023-08-19 20:37,f_f006836
f006836_77232,128.4969967,38.2093464,2023-08-19 20:38,f_f006836
f006836_77232,128.4969967,38.2093464,2023-08-19 20:39,f_f006836
f006836_77232,128.4969967,38.2093464,2023-08-19 20:40,f_f006836
f006836_77232,128.4969967,38.2093464,2023-08-19 20:41,f_f006836
f006836_77232,128.4969967,38.2093464,2023-08-19 20:42,f_f006836
f006836_77232,128.4969967,38.2093464,2023-08-19 20:43,f_f006836
f006836_77232,128.4969967,38.2093464,2023-08-19 20:44,f_f006836
f006836_77232,128.4969967,38.2093464,2023-08-19 20:45,f_f006836
f006836_77232,128.4969967,38.2093464,2023-08-19 20:46,f_f006836
f006836_77232,128.4969967,38.2093464,2023-08-19 20:47,f_f006836
f006836_77232,128.4969967,38.2093464,2023-08-19 20:48,f_f006836
f006836_77232,128.4969967,38.2093464,2023-08-19 20:49,f_f006836
f006836_77232,128.4969967,38.2093464,2023-08-19 20:50,f_f006836
f006836_77232,128.4969967,38.2093464,2023-08-19 20:51,f_f006836
f006836_77232,128.4969967,38.2093464,2023-08-19 20:52,f_f006836
f006836_77232,128.4969967,38.2093464,2023-08-19 20:53,f_f006836
f006836_77232,128.4969967,38.2093464,2023-08-19 20:54,f_f006836
f006836_77232,128.4969967,38.2093464,2023-08-19 20:55,f_f006836
f006836_77232,128.4969967,38.2093464,2023-08-19 20:56,f_f006836
f006836_77232,128.4969967,38.2093464,2023-08-19 20:57,f_f006836
f006836_77232,128.4969967,38.2093464,2023-08-19 20:58,f_f006836
f006836_77232,128.4969967,38.2093464,2023-08-19 20:59,f_f006836
f006836_77232,128.4969967,38.2093464,2023-08-19 21:00,f_f006836
f006836_77232,128.4969967,38.2093464,2023-08-19 21:01,f_f006836
f006836_77232,128.4969967,38.2093464,2023-08-19 21:02,f_f006836
f006836_77232,128.4969967,38.2093464,2023-08-19 21:03,f_f006836
f006836_77232,128.4969967,38.2093464,2023-08-19 21:04,f_f006836
f006836_77232,128.4969967,38.2093464,2023-08-19 21:05,f_f006836
f006836_77232,128.4969967,38.2093464,2023-08-19 21:06,f_f006836
f006836_77232,128.4969967,38.2093464,2023-08-19 21:07,f_f006836
f006836_77232,128.4969967,38.2093464,2023-08-19 21:08,f_f006836
f006836_77232,128.4969967,38.2093464,2023-08-19 21:09,f_f006836
f006836_77232,128.4969967,38.2093464,2023-08-19 21:10,f_f006836
f006836_77232,128.4969967,38.2093464,2023-08-19 21:11,f_f006836
f006836_77232,128.4969967,38.2093464,2023-08-19 21:12,f_f006836
f006836_77232,128.4969967,38.2093464,2023-08-19 21:13,f_f006836
f006836_77232,128.4969967,38.2093464,2023-08-19 21:14,f_f006836
f006836_77232,128.4969967,38.2093464,2023-08-19 21:15,f_f006836
f006836_77232,128.4969967,38.2093464,2023-08-19 21:16,f_f006836
f006836_77232,128.4969967,38.2093464,2023-08-19 21:17,f_f006836
f006836_77232,128.4969967,38.2093464,2023-08-19 21:18,f_f006836
f006836_77232,128.4969967,38.2093464,2023-08-19 21:19,f_f006836
f006836_77232,128.4969967,38.2093464,2023-08-19 21:20,f_f006836
f006836_77232,128.4969967,38.2093464,2023-08-19 21:21,f_f006836
f006836_77232,128.4969967,38.2093464,2023-08-19 21:22,f_f006836
f006836_77232,128.4969967,38.2093464,2023-08-19 21:23,f_f006836
f006836_77232,128.4969967,38.2093464,2023-08-19 21:24,f_f006836
f006836_77232,128.4969967,38.2093464,2023-08-19 21:25,f_f006836
f006836_77232,128.4969967,38.2093464,2023-08-19 21:26,f_f006836
f006836_77232,128.4969967,38.2093464,2023-08-19 21:27,f_f006836
f006836_77232,128.4969967,38.2093464,2023-08-19 21:28,f_f006836
f006836_77232,128.4969967,38.2093464,2023-08-19 21:29,f_f006836
f006836_77232,128.4969967,38.2093464,2023-08-19 21:30,f_f006836
f006836_77232,128.4969967,38.2093464,2023-08-19 21:31,f_f006836
f006836_77232,128.4969967,38.2093464,2023-08-19 21:32,f_f006836
f006836_77232,128.4969967,38.2093464,2023-08-19 21:33,f_f006836
f006836_77232,128.4969967,38.2093464,2023-08-19 21:34,f_f006836
f006836_77232,128.4969967,38.2093464,2023-08-19 21:35,f_f006836
f006836_77232,128.4969967,38.2093464,2023-08-19 21:36,f_f006836
f006836_77232,128.4969967,38.2093464,2023-08-19 21:37,f_f006836
f006836_77232,128.4969967,38.2093464,2023-08-19 21:38,f_f006836
f006836_77232,128.4969967,38.2093464,2023-08-19 21:39,f_f006836
f006836_77232,128.4969967,38.2093464,2023-08-19 21:40,f_f006836
f006836_77232,128.4969967,38.2093464,2023-08-19 21:41,f_f006836
f006836_77232,128.4969967,38.2093464,2023-08-19 21:42,f_f006836
f006836_77232,128.4969967,38.2093464,2023-08-19 21:43,f_f006836
f006836_77232,128.4969967,38.2093464,2023-08-19 21:44,f_f006836
f006836_77232,128.4969967,38.2093464,2023-08-19 21:45,f_f006836
f006836_77232,128.4969967,38.2093464,2023-08-19 21:46,f_f006836
f006836_77232,128.4969967,38.2093464,2023-08-19 21:47,f_f006836
f006836_77232,128.4969967,38.2093464,2023-08-19 21:48,f_f006836
f006836_77232,128.4969967,38.2093464,2023-08-19 21:49,f_f006836
f006836_77232,128.4969967,38.2093464,2023-08-19 21:50,f_f006836
f006836_77232,128.4969967,38.2093464,2023-08-19 21:51,f_f006836
f006836_77232,128.4969967,38.2093464,2023-08-19 21:52,f_f006836
f006836_77232,128.4969967,38.2093464,2023-08-19 21:53,f_f006836
f006836_77232,128.4969967,38.2093464,2023-08-19 21:54,f_f006836
f006836_77232,128.4969967,38.2093464,2023-08-19 21:55,f_f006836
f006836_77232,128.4969967,38.2093464,2023-08-19 21:56,f_f006836
f006836_77232,128.4969967,38.2093464,2023-08-19 21:57,f_f006836
f006836_77232,128.4969967,38.2093464,2023-08-19 21:58,f_f006836
f006836_77232,128.4969967,38.2093464,2023-08-19 21:59,f_f006836
f006836_77232,128.4969967,38.2093464,2023-08-19 22:00,f_f006836
f006836_77232,128.4969967,38.2093464,2023-08-19 22:01,f_f006836
f006836_77232,128.4969967,38.2093464,2023-08-19 22:02,f_f006836
f006836_77232,128.4969967,38.2093464,2023-08-19 22:03,f_f006836
f006836_77232,128.4969967,38.2093464,2023-08-19 22:04,f_f006836
f006836_77232,128.4969967,38.2093464,2023-08-19 22:05,f_f006836
f006836_77232,128.4969967,38.2093464,2023-08-19 22:06,f_f006836
f006836_77232,128.4969967,38.2093464,2023-08-19 22:07,f_f006836
f006836_77232,128.4969967,38.2093464,2023-08-19 22:08,f_f006836
f006836_77232,128.4969967,38.2093464,2023-08-19 22:09,f_f006836
f006836_77232,128.4969967,38.2093464,2023-08-19 22:10,f_f006836
f006836_77232,128.4969967,38.2093464,2023-08-19 22:11,f_f006836
f006836_77232,128.4969967,38.2093464,2023-08-19 22:12,f_f006836
f006836_77232,128.4969967,38.2093464,2023-08-19 22:13,f_f006836
f006836_77232,128.4969967,38.2093464,2023-08-19 22:14,f_f006836
f006836_77232,128.4969967,38.2093464,2023-08-19 22:15,f_f006836
f006836_77232,128.4969967,38.2093464,2023-08-19 22:16,f_f006836
f006836_77232,128.4969967,38.2093464,2023-08-19 22:17,f_f006836
f006836_77232,128.4969967,38.2093464,2023-08-19 22:18,f_f006836
f006836_77232,128.4969967,38.2093464,2023-08-19 22:19,f_f006836
f006836_77232,128.4969967,38.2093464,2023-08-19 22:20,f_f006836
f006836_77232,128.4969967,38.2093464,2023-08-19 22:21,f_f006836
f006836_77232,128.4969967,38.2093464,2023-08-19 22:22,f_f006836
f006836_77232,128.4969967,38.2093464,2023-08-19 22:23,f_f006836
f006836_77232,128.4969967,38.2093464,2023-08-19 22:24,f_f006836
f006836_77232,128.4969967,38.2093464,2023-08-19 22:25,f_f006836
f006836_77232,128.4969967,38.2093464,2023-08-19 22:26,f_f006836
f006836_77232,128.4969967,38.2093464,2023-08-19 22:27,f_f006836
f006836_77232,128.4969967,38.2093464,2023-08-19 22:28,f_f006836
f006836_77232,128.4969967,38.2093464,2023-08-19 22:29,f_f006836
f006836_77232,128.4969967,38.2093464,2023-08-19 22:30,f_f006836
f006836_77232,128.4969967,38.2093464,2023-08-19 22:31,f_f006836
f006836_77232,128.4969967,38.2093464,2023-08-19 22:32,f_f006836
f006836_77232,128.4969967,38.2093464,2023-08-19 22:33,f_f006836
f006836_77232,128.4969967,38.2093464,2023-08-19 22:34,f_f006836
f006836_77232,128.4969967,38.2093464,2023-08-19 22:35,f_f006836
f006836_77232,128.4969967,38.2093464,2023-08-19 22:36,f_f006836
f006836_77232,128.4969967,38.2093464,2023-08-19 22:37,f_f006836
f006836_77232,128.4969967,38.2093464,2023-08-19 22:38,f_f006836
f006836_77232,128.4969967,38.2093464,2023-08-19 22:39,f_f006836
f006836_77232,128.4969967,38.2093464,2023-08-19 22:40,f_f006836
f006836_77232,128.4969967,38.2093464,2023-08-19 22:41,f_f006836
f006836_77232,128.4969967,38.2093464,2023-08-19 22:42,f_f006836
f006836_77232,128.4969967,38.2093464,2023-08-19 22:43,f_f006836
f006836_77232,128.4969967,38.2093464,2023-08-19 22:44,f_f006836
f006836_77232,128.4969967,38.2093464,2023-08-19 22:45,f_f006836
f006836_77232,128.4969967,38.2093464,2023-08-19 22:46,f_f006836
f006836_77232,128.4969967,38.2093464,2023-08-19 22:47,f_f006836
f006836_77232,128.4969967,38.2093464,2023-08-19 22:48,f_f006836
f006836_77232,128.4969967,38.2093464,2023-08-19 22:49,f_f006836
f006836_77232,128.4969967,38.2093464,2023-08-19 22:50,f_f006836
f006836_77232,128.4969967,38.2093464,2023-08-19 22:51,f_f006836
f006836_77232,128.4969967,38.2093464,2023-08-19 22:52,f_f006836
f006836_77232,128.4969967,38.2093464,2023-08-19 22:53,f_f006836
f006836_77232,128.4969967,38.2093464,2023-08-19 22:55,f_f006836
f006836_77232,128.4969967,38.2093464,2023-08-19 22:56,f_f006836
f006836_77232,128.4969967,38.2093464,2023-08-19 22:57,f_f006836
f006836_77232,128.4969967,38.2093464,2023-08-19 22:58,f_f006836
f006836_77232,128.4969967,38.2093464,2023-08-19 22:59,f_f006836
f006836_77232,128.4969967,38.2093464,2023-08-19 23:00,f_f006836
f006836_77232,128.4969967,38.2093464,2023-08-19 23:01,f_f006836
f006836_77232,128.4969967,38.2093464,2023-08-19 23:02,f_f006836
f006836_77232,128.4969967,38.2093464,2023-08-19 23:03,f_f006836
f006836_77232,128.4969967,38.2093464,2023-08-19 23:04,f_f006836
f006836_77232,128.4969967,38.2093464,2023-08-19 23:05,f_f006836
f006836_77232,128.4969967,38.2093464,2023-08-19 23:06,f_f006836
f006836_77232,128.4969967,38.2093464,2023-08-19 23:07,f_f006836
f006836_77232,128.4969967,38.2093464,2023-08-19 23:08,f_f006836
f006836_77232,128.4969967,38.2093464,2023-08-19 23:09,f_f006836
f006836_77232,128.4969967,38.2093464,2023-08-19 23:10,f_f006836
f006836_77232,128.4969967,38.2093464,2023-08-19 23:11,f_f006836
f006836_77232,128.4969967,38.2093464,2023-08-19 23:12,f_f006836
f006836_77232,128.4969967,38.2093464,2023-08-19 23:13,f_f006836
f006836_77232,128.4969967,38.2093464,2023-08-19 23:14,f_f006836
f006836_77232,128.4969967,38.2093464,2023-08-19 23:15,f_f006836
f006836_77232,128.4969967,38.2093464,2023-08-19 23:16,f_f006836
f006836_77232,128.4969967,38.2093464,2023-08-19 23:17,f_f006836
f006836_77232,128.4969967,38.2093464,2023-08-19 23:18,f_f006836
f006836_77232,128.4969967,38.2093464,2023-08-19 23:19,f_f006836
f006836_77232,128.4969967,38.2093464,2023-08-19 23:20,f_f006836
f006836_77232,128.4969967,38.2093464,2023-08-19 23:21,f_f006836
f006836_77232,128.4969967,38.2093464,2023-08-19 23:22,f_f006836
f006836_77232,128.4969967,38.2093464,2023-08-19 23:23,f_f006836
f006836_77232,128.4969967,38.2093464,2023-08-19 23:24,f_f006836
f006836_77232,128.4969967,38.2093464,2023-08-19 23:25,f_f006836
f006836_77232,128.4969967,38.2093464,2023-08-19 23:26,f_f006836
f006836_77232,128.4969967,38.2093464,2023-08-19 23:27,f_f006836
f006836_77232,128.4969967,38.2093464,2023-08-19 23:28,f_f006836
f006836_77232,128.4969967,38.2093464,2023-08-19 23:29,f_f006836
f006836_77232,128.4969967,38.2093464,2023-08-19 23:30,f_f006836
f006836_77232,128.4969967,38.2093464,2023-08-19 23:31,f_f006836
f006836_77232,128.4969967,38.2093464,2023-08-19 23:32,f_f006836
f006836_77232,128.4969967,38.2093464,2023-08-19 23:33,f_f006836
f006836_77232,128.4969967,38.2093464,2023-08-19 23:34,f_f006836
f006836_77232,128.4969967,38.2093464,2023-08-19 23:35,f_f006836
f006836_77232,128.4969967,38.2093464,2023-08-19 23:36,f_f006836
f006836_77232,128.4969967,38.2093464,2023-08-19 23:37,f_f006836
f006836_77232,128.4969967,38.2093464,2023-08-19 23:38,f_f006836
f006836_77232,128.4969967,38.2093464,2023-08-19 23:39,f_f006836
f006836_77232,128.4969967,38.2093464,2023-08-19 23:40,f_f006836
f006836_77232,128.4969967,38.2093464,2023-08-19 23:41,f_f006836
f006836_77232,128.4969967,38.2093464,2023-08-19 23:42,f_f006836
f006836_77232,128.4969967,38.2093464,2023-08-19 23:43,f_f006836
f006836_77232,128.4969967,38.2093464,2023-08-19 23:44,f_f006836
f006836_77232,128.4969967,38.2093464,2023-08-19 23:45,f_f006836
f006836_77232,128.4969967,38.2093464,2023-08-19 23:46,f_f006836
f006836_77232,128.4969967,38.2093464,2023-08-19 23:47,f_f006836
f006836_77232,128.4969967,38.2093464,2023-08-19 23:48,f_f006836
f006836_77232,128.4969967,38.2093464,2023-08-19 23:49,f_f006836
f006836_77232,128.4969967,38.2093464,2023-08-19 23:50,f_f006836
f006836_77232,128.4969967,38.2093464,2023-08-19 23:51,f_f006836
f006836_77232,128.4969967,38.2093464,2023-08-19 23:52,f_f006836
f006836_77232,128.4969967,38.2093464,2023-08-19 23:53,f_f006836
f006836_77232,128.4969967,38.2093464,2023-08-20 00:44,f_f006836
f006836_77232,128.4970009,38.2093524,2023-08-20 09:59,f_f006836
f006836_77232,128.4970009,38.2093524,2023-08-20 10:00,f_f006836
f006836_77232,128.4970009,38.2093524,2023-08-20 10:01,f_f006836
f006836_77232,128.4970009,38.2093524,2023-08-20 10:02,f_f006836
f006836_77232,128.4970009,38.2093524,2023-08-20 10:03,f_f006836
f006836_77232,128.4970009,38.2093524,2023-08-20 10:04,f_f006836
f006836_77232,128.4970009,38.2093524,2023-08-20 10:05,f_f006836
f006836_77232,128.4970009,38.2093524,2023-08-20 10:06,f_f006836
f006836_77232,128.4970009,38.2093524,2023-08-20 10:07,f_f006836
f006836_77232,128.4970009,38.2093524,2023-08-20 10:08,f_f006836
f006836_77232,128.4970009,38.2093524,2023-08-20 10:09,f_f006836
f006836_77232,128.4970009,38.2093524,2023-08-20 10:10,f_f006836
f006836_77232,128.4970009,38.2093524,2023-08-20 10:11,f_f006836
f006836_77232,128.4970009,38.2093524,2023-08-20 10:12,f_f006836
f006836_77232,128.4970009,38.2093524,2023-08-20 10:13,f_f006836
f006836_77232,128.4970009,38.2093524,2023-08-20 10:14,f_f006836
f006836_77232,128.4970009,38.2093524,2023-08-20 10:15,f_f006836
f006836_77232,128.4970009,38.2093524,2023-08-20 10:16,f_f006836
f006836_77232,128.4970009,38.2093524,2023-08-20 10:17,f_f006836
f006836_77232,128.4970009,38.2093524,2023-08-20 10:18,f_f006836
f006836_77232,128.4970009,38.2093524,2023-08-20 10:19,f_f006836
f006836_77232,128.4970009,38.2093524,2023-08-20 10:20,f_f006836
f006836_77232,128.4970009,38.2093524,2023-08-20 10:21,f_f006836
f006836_77232,128.4970009,38.2093524,2023-08-20 10:22,f_f006836
f006836_77232,128.4970009,38.2093524,2023-08-20 10:23,f_f006836
f006836_77232,128.4970009,38.2093524,2023-08-20 10:24,f_f006836
f006836_77232,128.4970009,38.2093524,2023-08-20 10:25,f_f006836
f006836_77232,128.4970009,38.2093524,2023-08-20 10:26,f_f006836
f006836_77232,128.4970009,38.2093524,2023-08-20 10:27,f_f006836
f006836_77232,128.4970009,38.2093524,2023-08-20 10:28,f_f006836
f006836_77232,128.4970009,38.2093524,2023-08-20 10:29,f_f006836
f006836_77232,128.4970009,38.2093524,2023-08-20 10:30,f_f006836
f006836_77232,128.4970009,38.2093524,2023-08-20 10:31,f_f006836
f006836_77232,128.4970009,38.2093524,2023-08-20 10:32,f_f006836
f006836_77232,128.4970009,38.2093524,2023-08-20 10:33,f_f006836
f006836_77232,128.4970009,38.2093524,2023-08-20 10:34,f_f006836
f006836_77232,128.4970009,38.2093524,2023-08-20 10:35,f_f006836
f006836_77232,128.4970009,38.2093524,2023-08-20 10:36,f_f006836
f006836_77232,128.4970009,38.2093524,2023-08-20 10:37,f_f006836
f006836_77232,128.4970009,38.2093524,2023-08-20 10:38,f_f006836
f006836_77232,128.4970009,38.2093524,2023-08-20 10:39,f_f006836
f006836_77232,128.4970009,38.2093524,2023-08-20 10:40,f_f006836
f006836_77232,128.4970009,38.2093524,2023-08-20 10:41,f_f006836
f006836_77232,128.4970009,38.2093524,2023-08-20 10:42,f_f006836
f006836_77232,128.4970009,38.2093524,2023-08-20 10:43,f_f006836
f006836_77232,128.4970009,38.2093524,2023-08-20 10:44,f_f006836
f006836_77232,128.4970009,38.2093524,2023-08-20 10:45,f_f006836
f006836_77232,128.4970009,38.2093524,2023-08-20 10:47,f_f006836
f006836_77232,128.4970009,38.2093524,2023-08-20 10:48,f_f006836
f006836_77232,128.4970009,38.2093524,2023-08-20 10:49,f_f006836
f006836_77232,128.4970009,38.2093524,2023-08-20 10:50,f_f006836
f006836_77232,128.4970009,38.2093524,2023-08-20 10:51,f_f006836
f006836_77232,128.4970009,38.2093524,2023-08-20 10:52,f_f006836
f006836_77232,128.4973051,38.2089248,2023-08-20 10:53,f_f006836
f006836_77232,128.4973051,38.2089248,2023-08-20 10:54,f_f006836
f006836_77232,128.4973051,38.2089248,2023-08-20 10:55,f_f006836
f006836_77232,128.4973051,38.2089248,2023-08-20 10:56,f_f006836
f006836_77232,128.4973051,38.2089248,2023-08-20 10:57,f_f006836
f006836_77232,128.4973051,38.2089248,2023-08-20 10:58,f_f006836
f006836_77232,128.4973051,38.2089248,2023-08-20 10:59,f_f006836
f006836_77232,128.4973051,38.2089248,2023-08-20 11:00,f_f006836
f006836_77232,128.4973051,38.2089248,2023-08-20 11:01,f_f006836
f006836_77232,128.4973051,38.2089248,2023-08-20 11:02,f_f006836
f006836_77232,128.4968389,38.2087428,2023-08-20 11:02,f_f006836
f006836_77232,128.4968389,38.2087428,2023-08-20 11:03,f_f006836
f006836_77232,128.4968389,38.2087428,2023-08-20 11:03,f_f006836
f006836_77232,128.4968389,38.2087428,2023-08-20 11:05,f_f006836
f006836_77232,128.4968389,38.2087428,2023-08-20 11:06,f_f006836
f006836_77232,128.4968389,38.2087428,2023-08-20 11:07,f_f006836
f006836_77232,128.4968389,38.2087428,2023-08-20 11:08,f_f006836
f006836_77232,128.4968389,38.2087428,2023-08-20 11:09,f_f006836
f006836_77232,128.4968389,38.2087428,2023-08-20 11:10,f_f006836
f006836_77232,128.4968389,38.2087428,2023-08-20 11:11,f_f006836
f006836_77232,128.4968389,38.2087428,2023-08-20 11:12,f_f006836
f006836_77232,128.4968389,38.2087428,2023-08-20 11:13,f_f006836
f006836_77232,128.4968389,38.2087428,2023-08-20 11:14,f_f006836
f006836_77232,128.4973515,38.2073969,2023-08-20 11:14,f_f006836
f006836_77232,128.4973515,38.2073969,2023-08-20 11:15,f_f006836
f006836_77232,128.4973515,38.2073969,2023-08-20 11:15,f_f006836
f006836_77232,128.527123,38.2040079,2023-08-20 11:17,f_f006836
f006836_77232,128.527123,38.2040079,2023-08-20 11:18,f_f006836
f006836_77232,128.527123,38.2040079,2023-08-20 11:18,f_f006836
f006836_77232,128.527123,38.2040079,2023-08-20 11:20,f_f006836
f006836_77232,128.527123,38.2040079,2023-08-20 11:21,f_f006836
f006836_77232,128.527123,38.2040079,2023-08-20 11:22,f_f006836
f006836_77232,128.5291813,38.2069079,2023-08-20 11:23,f_f006836
f006836_77232,128.5291813,38.2069079,2023-08-20 11:23,f_f006836
f006836_77232,128.5291813,38.2069079,2023-08-20 11:25,f_f006836
f006836_77232,128.5291813,38.2069079,2023-08-20 11:26,f_f006836
f006836_77232,128.5291813,38.2069079,2023-08-20 11:27,f_f006836
f006836_77232,128.5291813,38.2069079,2023-08-20 11:28,f_f006836
f006836_77232,128.5291813,38.2069079,2023-08-20 11:29,f_f006836
f006836_77232,128.5291813,38.2069079,2023-08-20 11:30,f_f006836
f006836_77232,128.5291813,38.2069079,2023-08-20 11:30,f_f006836
f006836_77232,128.5291813,38.2069079,2023-08-20 11:31,f_f006836
f006836_77232,128.5291813,38.2069079,2023-08-20 11:31,f_f006836
f006836_77232,128.5273571,38.2079252,2023-08-20 11:32,f_f006836
f006836_77232,128.5273571,38.2079252,2023-08-20 11:33,f_f006836
f006836_77232,128.5273571,38.2079252,2023-08-20 11:33,f_f006836
f006836_77232,128.5273571,38.2079252,2023-08-20 11:34,f_f006836
f006836_77232,128.5273571,38.2079252,2023-08-20 11:35,f_f006836
f006836_77232,128.5273571,38.2079252,2023-08-20 11:35,f_f006836
f006836_77232,128.5273571,38.2079252,2023-08-20 11:36,f_f006836
f006836_77232,128.5273571,38.2079252,2023-08-20 11:37,f_f006836
f006836_77232,128.5273571,38.2079252,2023-08-20 11:38,f_f006836
f006836_77232,128.5273571,38.2079252,2023-08-20 11:39,f_f006836
f006836_77232,128.5273571,38.2079252,2023-08-20 11:40,f_f006836
f006836_77232,128.5273571,38.2079252,2023-08-20 11:41,f_f006836
f006836_77232,128.5273571,38.2079252,2023-08-20 11:42,f_f006836
f006836_77232,128.5273571,38.2079252,2023-08-20 11:43,f_f006836
f006836_77232,128.5273571,38.2079252,2023-08-20 11:44,f_f006836
f006836_77232,128.5273571,38.2079252,2023-08-20 11:45,f_f006836
f006836_77232,128.5273571,38.2079252,2023-08-20 11:46,f_f006836
f006836_77232,128.5273571,38.2079252,2023-08-20 11:47,f_f006836
f006836_77232,128.5273571,38.2079252,2023-08-20 11:48,f_f006836
f006836_77232,128.5273571,38.2079252,2023-08-20 11:49,f_f006836
f006836_77232,128.5273571,38.2079252,2023-08-20 11:50,f_f006836
f006836_77232,128.5273571,38.2079252,2023-08-20 11:51,f_f006836
f006836_77232,128.5273571,38.2079252,2023-08-20 11:52,f_f006836
f006836_77232,128.5273571,38.2079252,2023-08-20 11:53,f_f006836
f006836_77232,128.5273571,38.2079252,2023-08-20 11:54,f_f006836
f006836_77232,128.5273571,38.2079252,2023-08-20 11:55,f_f006836
f006836_77232,128.5273571,38.2079252,2023-08-20 11:56,f_f006836
f006836_77232,128.5273571,38.2079252,2023-08-20 11:57,f_f006836
f006836_77232,128.5273571,38.2079252,2023-08-20 11:58,f_f006836
f006836_77232,128.5273571,38.2079252,2023-08-20 11:59,f_f006836
f006836_77232,128.5273571,38.2079252,2023-08-20 12:00,f_f006836
f006836_77232,128.5273571,38.2079252,2023-08-20 12:01,f_f006836
f006836_77232,128.5273571,38.2079252,2023-08-20 12:02,f_f006836
f006836_77232,128.5273571,38.2079252,2023-08-20 12:03,f_f006836
f006836_77232,128.5273571,38.2079252,2023-08-20 12:04,f_f006836
f006836_77232,128.5273571,38.2079252,2023-08-20 12:05,f_f006836
f006836_77232,128.5273571,38.2079252,2023-08-20 12:06,f_f006836
f006836_77232,128.5273571,38.2079252,2023-08-20 12:07,f_f006836
f006836_77232,128.5273571,38.2079252,2023-08-20 12:08,f_f006836
f006836_77232,128.5273571,38.2079252,2023-08-20 12:09,f_f006836
f006836_77232,128.5273571,38.2079252,2023-08-20 12:10,f_f006836
f006836_77232,128.5273571,38.2079252,2023-08-20 12:11,f_f006836
f006836_77232,128.5273571,38.2079252,2023-08-20 12:12,f_f006836
f006836_77232,128.5273571,38.2079252,2023-08-20 12:13,f_f006836
f006836_77232,128.5273571,38.2079252,2023-08-20 12:14,f_f006836
f006836_77232,128.5273571,38.2079252,2023-08-20 12:15,f_f006836
f006836_77232,128.5273571,38.2079252,2023-08-20 12:16,f_f006836
f006836_77232,128.5273571,38.2079252,2023-08-20 12:17,f_f006836
f006836_77232,128.5273571,38.2079252,2023-08-20 12:18,f_f006836
f006836_77232,128.5273571,38.2079252,2023-08-20 12:19,f_f006836
f006836_77232,128.5273571,38.2079252,2023-08-20 12:20,f_f006836
f006836_77232,128.5273571,38.2079252,2023-08-20 12:21,f_f006836
f006836_77232,128.5273571,38.2079252,2023-08-20 12:22,f_f006836
f006836_77232,128.5273571,38.2079252,2023-08-20 12:23,f_f006836
f006836_77232,128.5273571,38.2079252,2023-08-20 12:24,f_f006836
f006836_77232,128.5273571,38.2079252,2023-08-20 12:25,f_f006836
f006836_77232,128.5273571,38.2079252,2023-08-20 12:26,f_f006836
f006836_77232,128.5273571,38.2079252,2023-08-20 12:27,f_f006836
f006836_77232,128.5273571,38.2079252,2023-08-20 12:28,f_f006836
f006836_77232,128.5273571,38.2079252,2023-08-20 12:29,f_f006836
f006836_77232,128.5273571,38.2079252,2023-08-20 12:30,f_f006836
f006836_77232,128.5273571,38.2079252,2023-08-20 12:31,f_f006836
f006836_77232,128.5273571,38.2079252,2023-08-20 12:32,f_f006836
f006836_77232,128.5273571,38.2079252,2023-08-20 12:33,f_f006836
f006836_77232,128.5273571,38.2079252,2023-08-20 12:34,f_f006836
f006836_77232,128.5273571,38.2079252,2023-08-20 12:35,f_f006836
f006836_77232,128.5276568,38.2081972,2023-08-20 15:21,f_f006836
f006836_77232,128.5271675,38.207958,2023-08-20 18:03,f_f006836
f006836_77232,128.5271675,38.207958,2023-08-20 18:04,f_f006836
f006836_77232,128.5271675,38.207958,2023-08-20 18:05,f_f006836
f006836_77232,128.5271675,38.207958,2023-08-20 18:06,f_f006836
f006836_77232,128.5271675,38.207958,2023-08-20 18:07,f_f006836
f006836_77232,128.5271675,38.207958,2023-08-20 18:08,f_f006836
f006836_77232,128.5271675,38.207958,2023-08-20 18:09,f_f006836
f006836_77232,128.5271675,38.207958,2023-08-20 18:11,f_f006836
f006836_77232,128.5271675,38.207958,2023-08-20 18:13,f_f006836
f006836_77232,128.5271675,38.207958,2023-08-20 18:14,f_f006836
f006836_77232,128.5271675,38.207958,2023-08-20 18:15,f_f006836
f006836_77232,128.5271675,38.207958,2023-08-20 18:15,f_f006836
f006836_77232,128.5271675,38.207958,2023-08-20 18:16,f_f006836
f006836_77232,128.5271675,38.207958,2023-08-20 18:16,f_f006836
f006836_77232,128.5266246,38.207826,2023-08-20 18:17,f_f006836
f006836_77232,128.5266246,38.207826,2023-08-20 18:17,f_f006836
f006836_77232,128.5277257,38.2070981,2023-08-20 18:18,f_f006836
f006836_77232,128.5277257,38.2070981,2023-08-20 18:19,f_f006836
f006836_77232,128.5277257,38.2070981,2023-08-20 18:20,f_f006836
f006836_77232,128.5175466,38.2038509,2023-08-20 18:21,f_f006836
f006836_77232,128.5175466,38.2038509,2023-08-20 18:21,f_f006836
f006836_77232,128.5296147,38.1946259,2023-08-20 18:22,f_f006836
f006836_77232,128.5423223,38.1850323,2023-08-20 18:23,f_f006836
f006836_77232,128.5600639,38.1802178,2023-08-20 18:24,f_f006836
f006836_77232,128.5600639,38.1802178,2023-08-20 18:25,f_f006836
f006836_77232,128.5854043,38.1701634,2023-08-20 18:26,f_f006836
f006836_77232,128.5822085,38.1525539,2023-08-20 18:27,f_f006836
f006836_77232,128.583536,38.146092,2023-08-20 18:28,f_f006836
f006836_77232,128.5819164,38.1399356,2023-08-20 18:28,f_f006836
f006836_77232,128.5803193,38.1340271,2023-08-20 18:29,f_f006836
f006836_77232,128.5789178,38.127968,2023-08-20 18:29,f_f006836
f006836_77232,128.5787712,38.1247893,2023-08-20 18:30,f_f006836
f006836_77232,128.582831,38.1106097,2023-08-20 18:31,f_f006836
f006836_77232,128.582831,38.1106097,2023-08-20 18:32,f_f006836
f006836_77232,128.582831,38.1106097,2023-08-20 18:33,f_f006836
f006836_77232,128.5947095,38.0706379,2023-08-20 18:34,f_f006836
f006836_77232,128.5956354,38.0625689,2023-08-20 18:35,f_f006836
f006836_77232,128.5956354,38.0625689,2023-08-20 18:36,f_f006836
f006836_77232,128.5956354,38.0625689,2023-08-20 18:37,f_f006836
f006836_77232,128.5956354,38.0625689,2023-08-20 18:38,f_f006836
f006836_77232,128.5390424,38.0069366,2023-08-20 18:39,f_f006836
f006836_77232,128.5365717,38.0001011,2023-08-20 18:40,f_f006836
f006836_77232,128.5320838,37.9947272,2023-08-20 18:40,f_f006836
f006836_77232,128.5281761,37.9894155,2023-08-20 18:41,f_f006836
f006836_77232,128.5244483,37.9838948,2023-08-20 18:41,f_f006836
f006836_77232,128.5231409,37.9827267,2023-08-20 18:42,f_f006836
f006836_77232,128.522598,37.9826928,2023-08-20 18:43,f_f006836
f006836_77232,128.522598,37.9826928,2023-08-20 18:44,f_f006836
f006836_77232,128.522598,37.9826928,2023-08-20 18:45,f_f006836
f006836_77232,128.522598,37.9824097,2023-08-20 18:46,f_f006836
f006836_77232,128.522598,37.9824097,2023-08-20 18:47,f_f006836
f006836_77232,128.522598,37.9824097,2023-08-20 18:48,f_f006836
f006836_77232,128.522598,37.9824097,2023-08-20 18:49,f_f006836
f006836_77232,128.522598,37.9824097,2023-08-20 18:50,f_f006836
f006836_77232,128.522598,37.9824097,2023-08-20 18:51,f_f006836
f006836_77232,128.522598,37.9824097,2023-08-20 18:52,f_f006836
f006836_77232,128.522598,37.9824097,2023-08-20 18:53,f_f006836
f006836_77232,128.522598,37.9824097,2023-08-20 18:54,f_f006836
f006836_77232,128.522598,37.9824097,2023-08-20 18:55,f_f006836
f006836_77232,128.522598,37.9824097,2023-08-20 18:56,f_f006836
f006836_77232,128.522598,37.9824097,2023-08-20 18:57,f_f006836
f006836_77232,128.5222696,37.9822534,2023-08-20 18:58,f_f006836
f006836_77232,128.5222696,37.9822534,2023-08-20 18:59,f_f006836
f006836_77232,128.5222696,37.9822534,2023-08-20 19:00,f_f006836
f006836_77232,128.5222696,37.9822534,2023-08-20 19:01,f_f006836
f006836_77232,128.5222696,37.9822534,2023-08-20 19:02,f_f006836
f006836_77232,128.5222696,37.9822534,2023-08-20 19:03,f_f006836
f006836_77232,128.5222696,37.9822534,2023-08-20 19:04,f_f006836
f006836_77232,128.5222696,37.9822534,2023-08-20 19:05,f_f006836
f006836_77232,128.5222696,37.9822534,2023-08-20 19:06,f_f006836
f006836_77232,128.5222696,37.9822534,2023-08-20 19:07,f_f006836
f006836_77232,128.5222696,37.9822534,2023-08-20 19:08,f_f006836
f006836_77232,128.4010216,37.9714848,2023-08-20 19:09,f_f006836
f006836_77232,128.4010216,37.9714848,2023-08-20 19:10,f_f006836
f006836_77232,128.4010216,37.9714848,2023-08-20 19:11,f_f006836
f006836_77232,128.4010216,37.9714848,2023-08-20 19:12,f_f006836
f006836_77232,128.4010216,37.9714848,2023-08-20 19:13,f_f006836
f006836_77232,128.4010216,37.9714848,2023-08-20 19:14,f_f006836
f006836_77232,128.4010216,37.9714848,2023-08-20 19:16,f_f006836
f006836_77232,128.3996844,37.9705674,2023-08-20 19:17,f_f006836
f006836_77232,128.3996844,37.9705674,2023-08-20 19:18,f_f006836
f006836_77232,128.3996844,37.9705674,2023-08-20 19:19,f_f006836
f006836_77232,128.3789572,37.9569877,2023-08-20 19:20,f_f006836
f006836_77232,128.3789572,37.9569877,2023-08-20 19:21,f_f006836
f006836_77232,128.3780849,37.9548155,2023-08-20 19:22,f_f006836
f006836_77232,128.3736818,37.9526561,2023-08-20 19:23,f_f006836
f006836_77232,128.3705586,37.9514711,2023-08-20 19:24,f_f006836
f006836_77232,128.3673734,37.9502159,2023-08-20 19:24,f_f006836
f006836_77232,128.3673734,37.9502159,2023-08-20 19:25,f_f006836
f006836_77232,128.3634307,37.9488177,2023-08-20 19:25,f_f006836
f006836_77232,128.3634307,37.9488177,2023-08-20 19:27,f_f006836
f006836_77232,128.3592621,37.9474105,2023-08-20 19:28,f_f006836
f006836_77232,128.3552612,37.9459506,2023-08-20 19:29,f_f006836
f006836_77232,128.346852,37.9429035,2023-08-20 19:31,f_f006836
f006836_77232,128.346852,37.9429035,2023-08-20 19:32,f_f006836
f006836_77232,128.3460438,37.9429631,2023-08-20 19:33,f_f006836
f006836_77232,128.3414346,37.9421779,2023-08-20 19:34,f_f006836
f006836_77232,128.3414346,37.9421779,2023-08-20 19:34,f_f006836
f006836_77232,128.3304074,37.9402163,2023-08-20 19:38,f_f006836
f006836_77232,128.3304074,37.9402163,2023-08-20 19:39,f_f006836
f006836_77232,128.3193719,37.9370176,2023-08-20 19:40,f_f006836
f006836_77232,128.3193719,37.9370176,2023-08-20 19:40,f_f006836
f006836_77232,128.3193719,37.9370176,2023-08-20 19:41,f_f006836
f006836_77232,128.3193719,37.9370176,2023-08-20 19:42,f_f006836
f006836_77232,128.3193719,37.9370176,2023-08-20 19:43,f_f006836
f006836_77232,128.3152326,37.9348654,2023-08-20 19:44,f_f006836
f006836_77232,128.3152326,37.9348654,2023-08-20 19:45,f_f006836
f006836_77232,128.3152326,37.9348654,2023-08-20 19:46,f_f006836
f006836_77232,128.3141022,37.9319425,2023-08-20 19:47,f_f006836
f006836_77232,128.3038908,37.9239336,2023-08-20 19:48,f_f006836
f006836_77232,128.3038908,37.9239336,2023-08-20 19:49,f_f006836
f006836_77232,128.2938927,37.9159884,2023-08-20 19:50,f_f006836
f006836_77232,128.2938927,37.9159884,2023-08-20 19:51,f_f006836
f006836_77232,128.2826411,37.9112229,2023-08-20 19:52,f_f006836
f006836_77232,128.2742361,37.9031999,2023-08-20 19:53,f_f006836
f006836_77232,128.2715995,37.9002322,2023-08-20 19:54,f_f006836
f006836_77232,128.2715995,37.9002322,2023-08-20 19:55,f_f006836
f006836_77232,128.2537996,37.8828907,2023-08-20 19:56,f_f006836
f006836_77232,128.2495138,37.876004,2023-08-20 19:57,f_f006836
f006836_77232,128.2444272,37.8669105,2023-08-20 19:57,f_f006836
f006836_77232,128.2444272,37.8669105,2023-08-20 19:58,f_f006836
f006836_77232,128.2444272,37.8669105,2023-08-20 19:59,f_f006836
f006836_77232,128.2387454,37.8497901,2023-08-20 20:00,f_f006836
f006836_77232,128.2294868,37.8355069,2023-08-20 20:01,f_f006836
f006836_77232,128.2294868,37.8355069,2023-08-20 20:02,f_f006836
f006836_77232,128.2094415,37.8091288,2023-08-20 20:03,f_f006836
f006836_77232,128.2094415,37.8091288,2023-08-20 20:04,f_f006836
f006836_77232,128.1795828,37.7983036,2023-08-20 20:05,f_f006836
f006836_77232,128.1597779,37.7955949,2023-08-20 20:06,f_f006836
f006836_77232,128.1488005,37.791544,2023-08-20 20:07,f_f006836
f006836_77232,128.1300994,37.7882846,2023-08-20 20:08,f_f006836
f006836_77232,128.1300994,37.7882846,2023-08-20 20:09,f_f006836
f006836_77232,128.1012691,37.7805729,2023-08-20 20:10,f_f006836
f006836_77232,128.1012691,37.7805729,2023-08-20 20:11,f_f006836
f006836_77232,128.1012691,37.7805729,2023-08-20 20:12,f_f006836
f006836_77232,128.1012691,37.7805729,2023-08-20 20:13,f_f006836
f006836_77232,128.1012691,37.7805729,2023-08-20 20:14,f_f006836
f006836_77232,128.0279271,37.7570287,2023-08-20 20:15,f_f006836
f006836_77232,128.0119673,37.7576851,2023-08-20 20:16,f_f006836
f006836_77232,127.9888459,37.7615546,2023-08-20 20:17,f_f006836
f006836_77232,127.9888459,37.7615546,2023-08-20 20:18,f_f006836
f006836_77232,127.9614921,37.7586684,2023-08-20 20:19,f_f006836
f006836_77232,127.9486427,37.7551705,2023-08-20 20:20,f_f006836
f006836_77232,127.9427083,37.7523013,2023-08-20 20:21,f_f006836
f006836_77232,127.9427083,37.7523013,2023-08-20 20:21,f_f006836
f006836_77232,127.93806,37.7502695,2023-08-20 20:22,f_f006836
f006836_77232,127.93806,37.7502695,2023-08-20 20:23,f_f006836
f006836_77232,127.9236765,37.747116,2023-08-20 20:24,f_f006836
f006836_77232,127.9236765,37.747116,2023-08-20 20:24,f_f006836
f006836_77232,127.9143547,37.7494398,2023-08-20 20:25,f_f006836
f006836_77232,127.9143547,37.7494398,2023-08-20 20:26,f_f006836
f006836_77232,127.9143547,37.7494398,2023-08-20 20:27,f_f006836
f006836_77232,127.8938862,37.7524778,2023-08-20 20:28,f_f006836
f006836_77232,127.8774236,37.7585092,2023-08-20 20:29,f_f006836
f006836_77232,127.8774236,37.7585092,2023-08-20 20:30,f_f006836
f006836_77232,127.8774236,37.7585092,2023-08-20 20:31,f_f006836
f006836_77232,127.8774236,37.7585092,2023-08-20 20:32,f_f006836
f006836_77232,127.8774236,37.7585092,2023-08-20 20:33,f_f006836
f006836_77232,127.8344815,37.7583796,2023-08-20 20:34,f_f006836
f006836_77232,127.8331547,37.7583072,2023-08-20 20:35,f_f006836
f006836_77232,127.8331547,37.7583072,2023-08-20 20:36,f_f006836
f006836_77232,127.8331547,37.7583072,2023-08-20 20:37,f_f006836
f006836_77232,127.8331547,37.7583072,2023-08-20 20:38,f_f006836
f006836_77232,127.8331547,37.7583072,2023-08-20 20:39,f_f006836
f006836_77232,127.8331547,37.7583072,2023-08-20 20:40,f_f006836
f006836_77232,127.8331547,37.7583072,2023-08-20 20:40,f_f006836
f006836_77232,127.7559343,37.7610662,2023-08-20 20:41,f_f006836
f006836_77232,127.7559343,37.7610662,2023-08-20 20:41,f_f006836
f006836_77232,127.7559343,37.7610662,2023-08-20 20:42,f_f006836
f006836_77232,127.7240218,37.7518502,2023-08-20 20:43,f_f006836
f006836_77232,127.7039655,37.7482979,2023-08-20 20:44,f_f006836
f006836_77232,127.7039655,37.7482979,2023-08-20 20:44,f_f006836
f006836_77232,127.6822394,37.7429702,2023-08-20 20:45,f_f006836
f006836_77232,127.6822394,37.7429702,2023-08-20 20:46,f_f006836
f006836_77232,127.6559926,37.7403548,2023-08-20 20:47,f_f006836
f006836_77232,127.6559926,37.7403548,2023-08-20 20:48,f_f006836
f006836_77232,127.6265898,37.7350855,2023-08-20 20:49,f_f006836
f006836_77232,127.6031916,37.7293658,2023-08-20 20:50,f_f006836
f006836_77232,127.6031916,37.7293658,2023-08-20 20:51,f_f006836
f006836_77232,127.5720482,37.7197801,2023-08-20 20:52,f_f006836
f006836_77232,127.5720482,37.7197801,2023-08-20 20:53,f_f006836
f006836_77232,127.5480339,37.7080952,2023-08-20 20:54,f_f006836
f006836_77232,127.5447664,37.7028566,2023-08-20 20:55,f_f006836
f006836_77232,127.5447664,37.7028566,2023-08-20 20:55,f_f006836
f006836_77232,127.5447664,37.7028566,2023-08-20 20:56,f_f006836
f006836_77232,127.5447664,37.7028566,2023-08-20 20:56,f_f006836
f006836_77232,127.5447664,37.7028566,2023-08-20 20:57,f_f006836
f006836_77232,127.5447664,37.7028566,2023-08-20 20:58,f_f006836
f006836_77232,127.5447664,37.7028566,2023-08-20 20:59,f_f006836
f006836_77232,127.5447664,37.7028566,2023-08-20 21:00,f_f006836
f006836_77232,127.5447664,37.7028566,2023-08-20 21:01,f_f006836
f006836_77232,127.5447664,37.7028566,2023-08-20 21:02,f_f006836
f006836_77232,127.5447664,37.7028566,2023-08-20 21:03,f_f006836
f006836_77232,127.5447664,37.7028566,2023-08-20 21:04,f_f006836
f006836_77232,127.5447664,37.7028566,2023-08-20 21:05,f_f006836
f006836_77232,127.5447664,37.7028566,2023-08-20 21:06,f_f006836
f006836_77232,127.5447664,37.7028566,2023-08-20 21:07,f_f006836
f006836_77232,127.5447664,37.7028566,2023-08-20 21:08,f_f006836
f006836_77232,127.5447664,37.7028566,2023-08-20 21:09,f_f006836
f006836_77232,127.543657,37.7020133,2023-08-20 21:10,f_f006836
f006836_77232,127.543657,37.7020133,2023-08-20 21:11,f_f006836
f006836_77232,127.543657,37.7020133,2023-08-20 21:12,f_f006836
f006836_77232,127.543657,37.7020133,2023-08-20 21:13,f_f006836
f006836_77232,127.543657,37.7020133,2023-08-20 21:14,f_f006836
f006836_77232,127.543657,37.7020133,2023-08-20 21:15,f_f006836
f006836_77232,127.543657,37.7020133,2023-08-20 21:16,f_f006836
f006836_77232,127.543657,37.7020133,2023-08-20 21:17,f_f006836
f006836_77232,127.543657,37.7020133,2023-08-20 21:18,f_f006836
f006836_77232,127.543657,37.7020133,2023-08-20 21:19,f_f006836
f006836_77232,127.543657,37.7020133,2023-08-20 21:20,f_f006836
f006836_77232,127.543657,37.7020133,2023-08-20 21:20,f_f006836
f006836_77232,127.5439063,37.7016165,2023-08-20 21:21,f_f006836
f006836_77232,127.5439063,37.7016165,2023-08-20 21:21,f_f006836
f006836_77232,127.5439063,37.7016165,2023-08-20 21:22,f_f006836
f006836_77232,127.5439063,37.7016165,2023-08-20 21:22,f_f006836
f006836_77232,127.5439063,37.7016165,2023-08-20 21:23,f_f006836
f006836_77232,127.5439063,37.7016165,2023-08-20 21:23,f_f006836
f006836_77232,127.543691,37.7010027,2023-08-20 21:24,f_f006836
f006836_77232,127.543691,37.7010027,2023-08-20 21:25,f_f006836
f006836_77232,127.543691,37.7010027,2023-08-20 21:26,f_f006836
f006836_77232,127.5427302,37.694835,2023-08-20 21:27,f_f006836
f006836_77232,127.5427302,37.694835,2023-08-20 21:27,f_f006836
f006836_77232,127.5427302,37.694835,2023-08-20 21:28,f_f006836
f006836_77232,127.5123246,37.6778484,2023-08-20 21:29,f_f006836
f006836_77232,127.5123246,37.6778484,2023-08-20 21:31,f_f006836
f006836_77232,127.5123246,37.6778484,2023-08-20 21:32,f_f006836
f006836_77232,127.5123246,37.6778484,2023-08-20 21:32,f_f006836
f006836_77232,127.5123246,37.6778484,2023-08-20 21:34,f_f006836
f006836_77232,127.5123246,37.6778484,2023-08-20 21:35,f_f006836
f006836_77232,127.4936443,37.675911,2023-08-20 21:36,f_f006836
f006836_77232,127.4936443,37.675911,2023-08-20 21:37,f_f006836
f006836_77232,127.4514119,37.648576,2023-08-20 21:37,f_f006836
f006836_77232,127.4514119,37.648576,2023-08-20 21:39,f_f006836
f006836_77232,127.442746,37.6491569,2023-08-20 21:40,f_f006836
f006836_77232,127.442746,37.6491569,2023-08-20 21:41,f_f006836
f006836_77232,127.4356616,37.6496639,2023-08-20 21:42,f_f006836
f006836_77232,127.4356616,37.6496639,2023-08-20 21:43,f_f006836
f006836_77232,127.4313124,37.6496011,2023-08-20 21:43,f_f006836
f006836_77232,127.4313124,37.6496011,2023-08-20 21:44,f_f006836
f006836_77232,127.4292051,37.6494218,2023-08-20 21:44,f_f006836
f006836_77232,127.4292051,37.6494218,2023-08-20 21:46,f_f006836
f006836_77232,127.42702,37.6489007,2023-08-20 21:47,f_f006836
f006836_77232,127.4240535,37.6477883,2023-08-20 21:48,f_f006836
f006836_77232,127.4159345,37.6438762,2023-08-20 21:49,f_f006836
f006836_77232,127.4159345,37.6438762,2023-08-20 21:50,f_f006836
f006836_77232,127.4108487,37.6418183,2023-08-20 21:51,f_f006836
f006836_77232,127.4108487,37.6418183,2023-08-20 21:52,f_f006836
f006836_77232,127.4078398,37.6402267,2023-08-20 21:53,f_f006836
f006836_77232,127.3946062,37.6342045,2023-08-20 21:53,f_f006836
f006836_77232,127.3746332,37.6343076,2023-08-20 21:55,f_f006836
f006836_77232,127.3746332,37.6343076,2023-08-20 21:56,f_f006836
f006836_77232,127.3553831,37.634335,2023-08-20 21:56,f_f006836
f006836_77232,127.3553831,37.634335,2023-08-20 21:57,f_f006836
f006836_77232,127.3553831,37.634335,2023-08-20 21:58,f_f006836
f006836_77232,127.3427423,37.6347007,2023-08-20 21:58,f_f006836
f006836_77232,127.3282603,37.6339261,2023-08-20 22:00,f_f006836
f006836_77232,127.3282603,37.6339261,2023-08-20 22:01,f_f006836
f006836_77232,127.3193481,37.6309199,2023-08-20 22:02,f_f006836
f006836_77232,127.3104665,37.6376498,2023-08-20 22:02,f_f006836
f006836_77232,127.3104665,37.6376498,2023-08-20 22:04,f_f006836
f006836_77232,127.2988333,37.6426583,2023-08-20 22:05,f_f006836
f006836_77232,127.2839718,37.6473478,2023-08-20 22:06,f_f006836
f006836_77232,127.2631836,37.6548624,2023-08-20 22:07,f_f006836
f006836_77232,127.262679,37.6550569,2023-08-20 22:08,f_f006836
f006836_77232,127.2431092,37.6639241,2023-08-20 22:08,f_f006836
f006836_77232,127.2288313,37.6539125,2023-08-20 22:10,f_f006836
f006836_77232,127.2288313,37.6539125,2023-08-20 22:11,f_f006836
f006836_77232,127.2105939,37.6498862,2023-08-20 22:12,f_f006836
f006836_77232,127.1948003,37.649073,2023-08-20 22:13,f_f006836
f006836_77232,127.180937,37.6480978,2023-08-20 22:14,f_f006836
f006836_77232,127.1627714,37.6470647,2023-08-20 22:14,f_f006836
f006836_77232,127.1627714,37.6470647,2023-08-20 22:16,f_f006836
f006836_77232,127.1627714,37.6470647,2023-08-20 22:17,f_f006836
f006836_77232,127.1468435,37.639878,2023-08-20 22:18,f_f006836
f006836_77232,127.1468435,37.639878,2023-08-20 22:19,f_f006836
f006836_77232,127.1330436,37.6423917,2023-08-20 22:19,f_f006836
f006836_77232,127.1330436,37.6423917,2023-08-20 22:21,f_f006836
f006836_77232,127.1173148,37.6612212,2023-08-20 22:22,f_f006836
f006836_77232,127.1137891,37.6642081,2023-08-20 22:23,f_f006836
f006836_77232,127.0877774,37.6761312,2023-08-20 22:24,f_f006836
f006836_77232,127.0877774,37.6761312,2023-08-20 22:25,f_f006836
f006836_77232,127.0877774,37.6761312,2023-08-20 22:26,f_f006836
f006836_77232,127.0541626,37.693865,2023-08-20 22:27,f_f006836
f006836_77232,127.0415966,37.7067289,2023-08-20 22:28,f_f006836
f006836_77232,127.0415966,37.7067289,2023-08-20 22:29,f_f006836
f006836_77232,127.0415966,37.7067289,2023-08-20 22:30,f_f006836
f006836_77232,126.984495,37.7200941,2023-08-20 22:31,f_f006836
f006836_77232,126.9814295,37.7184366,2023-08-20 22:32,f_f006836
f006836_77232,126.9572975,37.7020761,2023-08-20 22:33,f_f006836
f006836_77232,126.9384883,37.691065,2023-08-20 22:34,f_f006836
f006836_77232,126.932004,37.6850135,2023-08-20 22:35,f_f006836
f006836_77232,126.932004,37.6850135,2023-08-20 22:36,f_f006836
f006836_77232,126.9068299,37.6742017,2023-08-20 22:36,f_f006836
f006836_77232,126.8835728,37.6742517,2023-08-20 22:38,f_f006836
f006836_77232,126.8648656,37.6686706,2023-08-20 22:39,f_f006836
f006836_77232,126.8447245,37.669094,2023-08-20 22:40,f_f006836
f006836_77232,126.8447245,37.669094,2023-08-20 22:41,f_f006836
f006836_77232,126.8248427,37.6630909,2023-08-20 22:42,f_f006836
f006836_77232,126.8122607,37.650927,2023-08-20 22:43,f_f006836
f006836_77232,126.8042731,37.6313565,2023-08-20 22:44,f_f006836
f006836_77232,126.7982799,37.6173945,2023-08-20 22:45,f_f006836
f006836_77232,126.7982799,37.6173945,2023-08-20 22:46,f_f006836
f006836_77232,126.7742664,37.5993278,2023-08-20 22:47,f_f006836
f006836_77232,126.7701381,37.6017863,2023-08-20 22:47,f_f006836
f006836_77232,126.7701381,37.6017863,2023-08-20 22:48,f_f006836
f006836_77232,126.7701381,37.6017863,2023-08-20 22:49,f_f006836
f006836_77232,126.7553512,37.6050596,2023-08-20 22:50,f_f006836
f006836_77232,126.7443216,37.6089824,2023-08-20 22:51,f_f006836
f006836_77232,126.7323013,37.6089297,2023-08-20 22:52,f_f006836
f006836_77232,126.7323013,37.6089297,2023-08-20 22:53,f_f006836
f006836_77232,126.7323013,37.6089297,2023-08-20 22:54,f_f006836
f006836_77232,126.7323013,37.6089297,2023-08-20 22:55,f_f006836
f006836_77232,126.7323013,37.6089297,2023-08-20 22:56,f_f006836
f006836_77232,126.7323013,37.6089297,2023-08-20 22:57,f_f006836
f006836_77232,126.7323013,37.6089297,2023-08-20 22:58,f_f006836
f006836_77232,126.7323013,37.6089297,2023-08-20 22:59,f_f006836
f006836_77232,126.7323013,37.6089297,2023-08-20 23:00,f_f006836
f006836_77232,126.7323013,37.6089297,2023-08-20 23:01,f_f006836
f006836_77232,126.7323013,37.6089297,2023-08-20 23:02,f_f006836
f006836_77232,126.7323013,37.6089297,2023-08-20 23:03,f_f006836
f006836_77232,126.7323013,37.6089297,2023-08-20 23:04,f_f006836
f006836_77232,126.7323013,37.6089297,2023-08-20 23:05,f_f006836
f006836_77232,126.7323013,37.6089297,2023-08-20 23:06,f_f006836
f006836_77232,126.7323013,37.6089297,2023-08-20 23:07,f_f006836
f006836_77232,126.7323013,37.6089297,2023-08-20 23:08,f_f006836
f006836_77232,126.7323013,37.6089297,2023-08-20 23:09,f_f006836
f006836_77232,126.7323013,37.6089297,2023-08-20 23:10,f_f006836
f006836_77232,126.7323013,37.6089297,2023-08-20 23:11,f_f006836
f006836_77232,126.7323013,37.6089297,2023-08-20 23:12,f_f006836
f006836_77232,126.7323013,37.6089297,2023-08-20 23:13,f_f006836
f006836_77232,126.7323013,37.6089297,2023-08-20 23:14,f_f006836
f006836_77232,126.7323013,37.6089297,2023-08-20 23:15,f_f006836
f006836_77232,126.7323013,37.6089297,2023-08-20 23:16,f_f006836
f006836_77232,126.7323013,37.6089297,2023-08-20 23:17,f_f006836
f006836_77232,126.7323013,37.6089297,2023-08-20 23:18,f_f006836
f006836_77232,126.7323013,37.6089297,2023-08-20 23:19,f_f006836
f006836_77232,126.7323013,37.6089297,2023-08-20 23:20,f_f006836
f006836_77232,126.7323013,37.6089297,2023-08-20 23:21,f_f006836
f006836_77232,126.7323013,37.6089297,2023-08-20 23:22,f_f006836
f006836_77232,126.7323013,37.6089297,2023-08-20 23:23,f_f006836
f006836_77232,126.7323013,37.6089297,2023-08-20 23:24,f_f006836
f006836_77232,126.7323013,37.6089297,2023-08-20 23:25,f_f006836
f006836_77232,126.7323013,37.6089297,2023-08-20 23:26,f_f006836
f006836_77232,126.7323013,37.6089297,2023-08-20 23:27,f_f006836
f006836_77232,126.7323013,37.6089297,2023-08-20 23:28,f_f006836
f006836_77232,126.7323013,37.6089297,2023-08-20 23:29,f_f006836
f006836_77232,126.7323013,37.6089297,2023-08-20 23:30,f_f006836
f006836_77232,126.7323013,37.6089297,2023-08-20 23:31,f_f006836
f006836_77232,126.7323013,37.6089297,2023-08-20 23:32,f_f006836
f006836_77232,126.7323013,37.6089297,2023-08-20 23:33,f_f006836
f006836_77232,126.7323013,37.6089297,2023-08-20 23:34,f_f006836
f006836_77232,126.7323013,37.6089297,2023-08-20 23:35,f_f006836
f006836_77232,126.7323013,37.6089297,2023-08-20 23:36,f_f006836
f006836_77232,126.7323013,37.6089297,2023-08-20 23:37,f_f006836
f006836_77232,126.7323013,37.6089297,2023-08-20 23:38,f_f006836
f006836_77232,126.7323013,37.6089297,2023-08-20 23:39,f_f006836
f006836_77232,126.7323013,37.6089297,2023-08-20 23:40,f_f006836
f006836_77232,126.7323013,37.6089297,2023-08-20 23:41,f_f006836
f006836_77232,126.7323013,37.6089297,2023-08-20 23:42,f_f006836
f006836_77232,126.7323013,37.6089297,2023-08-20 23:43,f_f006836
f006836_77232,126.7323013,37.6089297,2023-08-20 23:44,f_f006836
f006836_77232,126.7323013,37.6089297,2023-08-20 23:45,f_f006836
f006836_77232,126.7323013,37.6089297,2023-08-20 23:46,f_f006836
f006836_77232,126.7323013,37.6089297,2023-08-20 23:47,f_f006836
f006836_77232,126.7323013,37.6089297,2023-08-20 23:48,f_f006836
f006836_77232,126.7323013,37.6089297,2023-08-20 23:49,f_f006836
f006836_77232,126.7323013,37.6089297,2023-08-20 23:50,f_f006836
f006836_77232,126.7323013,37.6089297,2023-08-20 23:51,f_f006836
f006836_77232,126.7323013,37.6089297,2023-08-20 23:52,f_f006836
f006836_77232,126.7323013,37.6089297,2023-08-20 23:53,f_f006836
f006836_77232,126.7323013,37.6089297,2023-08-20 23:54,f_f006836
f006836_77232,126.7323013,37.6089297,2023-08-20 23:55,f_f006836
f006836_77232,126.7323013,37.6089297,2023-08-20 23:56,f_f006836
f006836_77232,126.7323013,37.6089297,2023-08-20 23:57,f_f006836
